0x0	0x0	0
0x1f	0x1f	0
0x2	0x2	0
0x5	0x5	0
0x7	0x7	0
0x8	0x8	0
0xc	0xc	0
0x12	0x12	0
0x14	0x14	0
0x15	0x15	0
0x1a	0x1a	0
0x1c	0x1c	0
0x1d	0x1d	0
0x21	0x21	0
0x26	0x26	0
0x27	0x27	0
0x2c	0x2c	0
0x31	0x31	0
0x32	0x32	0
0x37	0x37	0
0x3c	0x3c	0
0x3d	0x3d	0
0x42	0x42	0
0x47	0x47	0
0x4d	0x4d	0
0x52	0x52	0
0x58	0x58	0
0x5d	0x5d	0
0x63	0x63	0
0x68	0x68	0
0x6d	0x6d	0
0x73	0x73	0
0x78	0x78	0
0x7e	0x7e	0
0x83	0x83	0
0x89	0x89	0
0x8e	0x8e	0
0x93	0x93	0
0x99	0x99	0
0x9e	0x9e	0
0x9f	0x9f	0
0xa4	0xa4	0
0xa9	0xa9	0
0xaf	0xaf	0
0xb4	0xb4	0
0xba	0xba	0
0xbf	0xbf	0
0xc4	0xc4	0
0xca	0xca	0
0xcf	0xcf	0
0xd5	0xd5	0
0xda	0xda	0
0xe0	0xe0	0
0xe5	0xe5	0
0xea	0xea	0
0xf0	0xf0	0
0xf5	0xf5	0
0xf6	0xf6	0
0xfb	0xfb	0
0x100	0x100	0
0x101	0x101	0
0x106	0x106	0
0x10b	0x10b	0
0x111	0x111	0
0x116	0x116	0
0x11c	0x11c	0
0x121	0x121	0
0x126	0x126	0
0x12c	0x12c	0
0x131	0x131	0
0x137	0x137	0
0x13c	0x13c	0
0x142	0x142	0
0x147	0x147	0
0x14c	0x14c	0
0x152	0x152	0
0x157	0x157	0
0x158	0x158	0
0x15d	0x15d	0
0x162	0x162	0
0x168	0x168	0
0x16d	0x16d	0
0x173	0x173	0
0x178	0x178	0
0x17d	0x17d	0
0x183	0x183	0
0x188	0x188	0
0x18e	0x18e	0
0x193	0x193	0
0x199	0x199	0
0x19e	0x19e	0
0x1a4	0x1a4	0
0x1a9	0x1a9	0
0x1ac	0x1ac	0
0x1c3	0x1c3	0
0x1c6	0x1c6	0
0x1cb	0x1cb	0
0x1ce	0x1ce	0
0x1d1	0x1d1	0
0x1d2	0x1d2	0
0x1d3	0x1d3	0
0x1d6	0x1d6	0
0x1d7	0x1d7	0
0x1d8	0x1d8	0
0x1dc	0x1dc	0
0x1e2	0x1e2	0
0x1e3	0x1e3	0
0x1ea	0x1ea	0
0x1ed	0x1ed	0
0x1f0	0x1f0	0
0x1f1	0x1f1	0
0x1f2	0x1f2	0
0x1f5	0x1f5	0
0x1f6	0x1f6	0
0x1f7	0x1f7	0
0x1fb	0x1fb	0
0x201	0x201	0
0x217	0x217	0
0x218	0x218	0
0x21a	0x21a	0
0x21c	0x21c	0
0x21d	0x21d	0
0x21e	0x21e	0
0x223	0x223	0
0x226	0x226	0
0x229	0x229	0
0x22a	0x22a	0
0x22b	0x22b	0
0x22e	0x22e	0
0x22f	0x22f	0
0x230	0x230	0
0x234	0x234	0
0x239	0x239	0
0x24f	0x24f	0
0x250	0x250	0
0x252	0x252	0
0x255	0x255	0
0x256	0x256	0
0x258	0x258	0
0x25b	0x25b	0
0x25c	0x25c	0
0x260	0x260	0
0x262	0x262	0
0x265	0x265	0
0x266	0x266	0
0x269	0x269	0
0x26a	0x26a	0
0x26b	0x26b	0
0x272	0x272	0
0x273	0x273	0
0x274	0x274	0
0x278	0x278	0
0x27e	0x27e	0
0x280	0x280	0
0x283	0x283	0
0x284	0x284	0
0x285	0x285	0
0x286	0x286	0
0x28a	0x28a	0
0x290	0x290	0
0x292	0x292	0
0x294	0x294	0
0x297	0x297	0
0x29a	0x29a	0
0x29c	0x29c	0
0x29d	0x29d	0
0x29e	0x29e	0
0x2a5	0x2a5	0
0x2a6	0x2a6	0
0x2a7	0x2a7	0
0x2a8	0x2a8	0
0x2ac	0x2ac	0
0x2b5	0x2b5	0
0x2b7	0x2b7	0
0x2b8	0x2b8	0
0x2ba	0x2ba	0
0x2bb	0x2bb	0
0x2bd	0x2bd	0
0x2c0	0x2c0	0
0x2c1	0x2c1	0
0x2cc	0x2cc	0
0x2ce	0x2ce	0
0x2d1	0x2d1	0
0x2d3	0x2d3	0
0x2d8	0x2d8	0
0x2db	0x2db	0
0x2e4	0x2e4	0
0x303	0x303	0
0x306	0x306	0
0x309	0x309	0
0x30a	0x30a	0
0x30b	0x30b	0
0x30e	0x30e	0
0x30f	0x30f	0
0x310	0x310	0
0x314	0x314	0
0x31a	0x31a	0
0x31b	0x31b	0
0x330	0x330	0
0x331	0x331	0
0x336	0x336	0
0x339	0x339	0
0x367	0x367	0
0x36a	0x36a	0
0x36d	0x36d	0
0x36e	0x36e	0
0x36f	0x36f	0
0x372	0x372	0
0x373	0x373	0
0x374	0x374	0
0x378	0x378	0
0x37e	0x37e	0
0x37f	0x37f	0
0x394	0x394	0
0x395	0x395	0
0x39a	0x39a	0
0x39d	0x39d	0
0x3a0	0x3a0	0
0x3a1	0x3a1	0
0x3a2	0x3a2	0
0x3a5	0x3a5	0
0x3a6	0x3a6	0
0x3a7	0x3a7	0
0x3ab	0x3ab	0
0x3b1	0x3b1	0
0x3b2	0x3b2	0
0x3b7	0x3b7	0
0x3ba	0x3ba	0
0x3bf	0x3bf	0
0x3c2	0x3c2	0
0x3c5	0x3c5	0
0x3c6	0x3c6	0
0x3c7	0x3c7	0
0x3ca	0x3ca	0
0x3cb	0x3cb	0
0x3cc	0x3cc	0
0x3d0	0x3d0	0
0x3d6	0x3d6	0
0x3d8	0x3d8	0
0x3db	0x3db	0
0x3dc	0x3dc	0
0x3df	0x3df	0
0x3e1	0x3e1	0
0x3e4	0x3e4	0
0x3e5	0x3e5	0
0x3e8	0x3e8	0
0x3e9	0x3e9	0
0x3ea	0x3ea	0
0x3f1	0x3f1	0
0x3f2	0x3f2	0
0x3f3	0x3f3	0
0x3f7	0x3f7	0
0x3fd	0x3fd	0
0x3ff	0x3ff	0
0x402	0x402	0
0x403	0x403	0
0x404	0x404	0
0x405	0x405	0
0x409	0x409	0
0x40f	0x40f	0
0x411	0x411	0
0x413	0x413	0
0x416	0x416	0
0x419	0x419	0
0x41b	0x41b	0
0x41c	0x41c	0
0x41d	0x41d	0
0x424	0x424	0
0x425	0x425	0
0x426	0x426	0
0x427	0x427	0
0x42b	0x42b	0
0x434	0x434	0
0x436	0x436	0
0x437	0x437	0
0x439	0x439	0
0x43a	0x43a	0
0x43c	0x43c	0
0x43f	0x43f	0
0x440	0x440	0
0x44b	0x44b	0
0x44d	0x44d	0
0x450	0x450	0
0x452	0x452	0
0x457	0x457	0
0x45a	0x45a	0
0x463	0x463	0
0x465	0x465	0
0x468	0x468	0
0x469	0x469	0
0x470	0x470	0
0x473	0x473	0
0x476	0x476	0
0x478	0x478	0
0x479	0x479	0
0x47a	0x47a	0
0x481	0x481	0
0x482	0x482	0
0x483	0x483	0
0x487	0x487	0
0x48d	0x48d	0
0x48f	0x48f	0
0x492	0x492	0
0x493	0x493	0
0x494	0x494	0
0x495	0x495	0
0x499	0x499	0
0x49f	0x49f	0
0x4a1	0x4a1	0
0x4a3	0x4a3	0
0x4a6	0x4a6	0
0x4a9	0x4a9	0
0x4ab	0x4ab	0
0x4ac	0x4ac	0
0x4ad	0x4ad	0
0x4b4	0x4b4	0
0x4b5	0x4b5	0
0x4b6	0x4b6	0
0x4b7	0x4b7	0
0x4bb	0x4bb	0
0x4c4	0x4c4	0
0x4c6	0x4c6	0
0x4c7	0x4c7	0
0x4c9	0x4c9	0
0x4ca	0x4ca	0
0x4cc	0x4cc	0
0x4cf	0x4cf	0
0x4d0	0x4d0	0
0x4db	0x4db	0
0x4dd	0x4dd	0
0x4e0	0x4e0	0
0x4e2	0x4e2	0
0x4e7	0x4e7	0
0x4ea	0x4ea	0
0x4f3	0x4f3	0
0x4fe	0x4fe	0
0x501	0x501	0
0x506	0x506	0
0x509	0x509	0
0x50e	0x50e	0
0x511	0x511	0
0x514	0x514	0
0x515	0x515	0
0x516	0x516	0
0x519	0x519	0
0x51a	0x51a	0
0x51b	0x51b	0
0x51f	0x51f	0
0x525	0x525	0
0x527	0x527	0
0x52a	0x52a	0
0x52c	0x52c	0
0x52d	0x52d	0
0x534	0x534	0
0x535	0x535	0
0x536	0x536	0
0x53a	0x53a	0
0x540	0x540	0
0x542	0x542	0
0x545	0x545	0
0x546	0x546	0
0x547	0x547	0
0x548	0x548	0
0x54c	0x54c	0
0x552	0x552	0
0x554	0x554	0
0x556	0x556	0
0x559	0x559	0
0x55c	0x55c	0
0x55e	0x55e	0
0x55f	0x55f	0
0x560	0x560	0
0x567	0x567	0
0x568	0x568	0
0x569	0x569	0
0x56a	0x56a	0
0x56e	0x56e	0
0x577	0x577	0
0x579	0x579	0
0x57a	0x57a	0
0x57c	0x57c	0
0x57d	0x57d	0
0x57f	0x57f	0
0x582	0x582	0
0x583	0x583	0
0x58e	0x58e	0
0x590	0x590	0
0x593	0x593	0
0x595	0x595	0
0x59a	0x59a	0
0x59d	0x59d	0
0x5a6	0x5a6	0
0x5b1	0x5b1	0
0x5b4	0x5b4	0
0x5b7	0x5b7	0
0x5b8	0x5b8	0
0x5b9	0x5b9	0
0x5bc	0x5bc	0
0x5bd	0x5bd	0
0x5be	0x5be	0
0x5c2	0x5c2	0
0x5c8	0x5c8	0
0x5ca	0x5ca	0
0x5cd	0x5cd	0
0x5cf	0x5cf	0
0x5d0	0x5d0	0
0x5d7	0x5d7	0
0x5d8	0x5d8	0
0x5d9	0x5d9	0
0x5dd	0x5dd	0
0x5e3	0x5e3	0
0x5e5	0x5e5	0
0x5e8	0x5e8	0
0x5e9	0x5e9	0
0x5ea	0x5ea	0
0x5eb	0x5eb	0
0x5ef	0x5ef	0
0x5f5	0x5f5	0
0x5f7	0x5f7	0
0x5f9	0x5f9	0
0x5fc	0x5fc	0
0x5ff	0x5ff	0
0x601	0x601	0
0x602	0x602	0
0x603	0x603	0
0x60a	0x60a	0
0x60b	0x60b	0
0x60c	0x60c	0
0x60d	0x60d	0
0x611	0x611	0
0x61a	0x61a	0
0x61c	0x61c	0
0x61d	0x61d	0
0x61f	0x61f	0
0x620	0x620	0
0x622	0x622	0
0x625	0x625	0
0x626	0x626	0
0x631	0x631	0
0x633	0x633	0
0x636	0x636	0
0x638	0x638	0
0x63d	0x63d	0
0x640	0x640	0
0x649	0x649	0
0x654	0x654	0
0x657	0x657	0
0x65a	0x65a	0
0x65b	0x65b	0
0x65c	0x65c	0
0x65f	0x65f	0
0x660	0x660	0
0x661	0x661	0
0x665	0x665	0
0x66c	0x66c	0
0x66e	0x66e	0
0x670	0x670	0
0x671	0x671	0
0x672	0x672	0
0x677	0x677	0
0x67a	0x67a	0
0x67f	0x67f	0
0x682	0x682	0
0x685	0x685	0
0x686	0x686	0
0x687	0x687	0
0x68a	0x68a	0
0x68b	0x68b	0
0x68c	0x68c	0
0x690	0x690	0
0x695	0x695	0
0x6ab	0x6ab	0
0x6ac	0x6ac	0
0x6ae	0x6ae	0
0x6b1	0x6b1	0
0x6b2	0x6b2	0
0x6b4	0x6b4	0
0x6b7	0x6b7	0
0x6b8	0x6b8	0
0x6bc	0x6bc	0
0x6be	0x6be	0
0x6c1	0x6c1	0
0x6c2	0x6c2	0
0x6c5	0x6c5	0
0x6c6	0x6c6	0
0x6c7	0x6c7	0
0x6ce	0x6ce	0
0x6cf	0x6cf	0
0x6d0	0x6d0	0
0x6d4	0x6d4	0
0x6da	0x6da	0
0x6dc	0x6dc	0
0x6df	0x6df	0
0x6e0	0x6e0	0
0x6e1	0x6e1	0
0x6e2	0x6e2	0
0x6e6	0x6e6	0
0x6ec	0x6ec	0
0x6ee	0x6ee	0
0x6f0	0x6f0	0
0x6f3	0x6f3	0
0x6f6	0x6f6	0
0x6f8	0x6f8	0
0x6f9	0x6f9	0
0x6fa	0x6fa	0
0x701	0x701	0
0x702	0x702	0
0x703	0x703	0
0x704	0x704	0
0x708	0x708	0
0x711	0x711	0
0x713	0x713	0
0x714	0x714	0
0x716	0x716	0
0x717	0x717	0
0x719	0x719	0
0x71c	0x71c	0
0x71d	0x71d	0
0x728	0x728	0
0x72a	0x72a	0
0x72d	0x72d	0
0x72f	0x72f	0
0x734	0x734	0
0x737	0x737	0
0x740	0x740	0
0x74b	0x74b	0
0x74e	0x74e	0
0x751	0x751	0
0x752	0x752	0
0x753	0x753	0
0x756	0x756	0
0x757	0x757	0
0x758	0x758	0
0x75c	0x75c	0
0x762	0x762	0
0x764	0x764	0
0x767	0x767	0
0x768	0x768	0
0x76a	0x76a	0
0x76d	0x76d	0
0x76e	0x76e	0
0x772	0x772	0
0x774	0x774	0
0x777	0x777	0
0x778	0x778	0
0x77b	0x77b	0
0x77c	0x77c	0
0x77d	0x77d	0
0x784	0x784	0
0x785	0x785	0
0x786	0x786	0
0x78a	0x78a	0
0x790	0x790	0
0x792	0x792	0
0x795	0x795	0
0x796	0x796	0
0x797	0x797	0
0x798	0x798	0
0x79c	0x79c	0
0x7a2	0x7a2	0
0x7a4	0x7a4	0
0x7a6	0x7a6	0
0x7a9	0x7a9	0
0x7ac	0x7ac	0
0x7ae	0x7ae	0
0x7af	0x7af	0
0x7b0	0x7b0	0
0x7b7	0x7b7	0
0x7b8	0x7b8	0
0x7b9	0x7b9	0
0x7ba	0x7ba	0
0x7be	0x7be	0
0x7c7	0x7c7	0
0x7c9	0x7c9	0
0x7ca	0x7ca	0
0x7cc	0x7cc	0
0x7cd	0x7cd	0
0x7cf	0x7cf	0
0x7d2	0x7d2	0
0x7d3	0x7d3	0
0x7de	0x7de	0
0x7e0	0x7e0	0
0x7e3	0x7e3	0
0x7e5	0x7e5	0
0x7ea	0x7ea	0
0x7ed	0x7ed	0
0x7f6	0x7f6	0
0x801	0x801	0
0x804	0x804	0
0x807	0x807	0
0x808	0x808	0
0x809	0x809	0
0x80c	0x80c	0
0x80d	0x80d	0
0x80e	0x80e	0
0x812	0x812	0
0x818	0x818	0
0x82e	0x82e	0
0x830	0x830	0
0x832	0x832	0
0x835	0x835	0
0x836	0x836	0
0x838	0x838	0
0x83a	0x83a	0
0x83e	0x83e	0
0x83f	0x83f	0
0x840	0x840	0
0x841	0x841	0
0x846	0x846	0
0x849	0x849	0
0x84e	0x84e	0
0x851	0x851	0
0x854	0x854	0
0x855	0x855	0
0x856	0x856	0
0x859	0x859	0
0x85a	0x85a	0
0x85b	0x85b	0
0x85f	0x85f	0
0x865	0x865	0
0x866	0x866	0
0x86b	0x86b	0
0x86e	0x86e	0
0x873	0x873	0
0x876	0x876	0
0x87b	0x87b	0
0x87e	0x87e	0
0x881	0x881	0
0x882	0x882	0
0x883	0x883	0
0x886	0x886	0
0x887	0x887	0
0x888	0x888	0
0x88c	0x88c	0
0x892	0x892	0
0x893	0x893	0
0x8a8	0x8a8	0
0x8a9	0x8a9	0
0x8ae	0x8ae	0
0x8b0	0x8b0	0
0x8b4	0x8b4	0
0x8b6	0x8b6	0
0x8ba	0x8ba	0
0x8bd	0x8bd	0
0x8c2	0x8c2	0
0x8c4	0x8c4	0
0x8c5	0x8c5	0
0x8dc	0x8dc	0
0x8de	0x8de	0
0x8df	0x8df	0
0x8e0	0x8e0	0
0x8e4	0x8e4	0
0x8e7	0x8e7	0
0x8e8	0x8e8	0
0x90b	0x90b	0
0x90d	0x90d	0
0x910	0x910	0
0x914	0x914	0
0x917	0x917	0
0x919	0x919	0
0x93a	0x93a	0
0x93d	0x93d	0
0x940	0x940	0
0x944	0x944	0
0x945	0x945	0
0x947	0x947	0
0x94b	0x94b	0
0x950	0x950	0
0x952	0x952	0
0x956	0x956	0
0x959	0x959	0
0x95b	0x95b	0
0x95d	0x95d	0
0x95f	0x95f	0
0x962	0x962	0
0x963	0x963	0
0x969	0x969	0
0x96a	0x96a	0
0x972	0x972	0
0x976	0x976	0
0x977	0x977	0
0x978	0x978	0
0xacb	0xacb	0
0xace	0xace	0
0xad3	0xad3	0
0xad5	0xad5	0
0xad6	0xad6	0
0xaed	0xaed	0
0xaef	0xaef	0
0xaf0	0xaf0	0
0xaf1	0xaf1	0
0xaf5	0xaf5	0
0xaf8	0xaf8	0
0xaf9	0xaf9	0
0xb1c	0xb1c	0
0xb1e	0xb1e	0
0xb21	0xb21	0
0xb25	0xb25	0
0xb28	0xb28	0
0xb2a	0xb2a	0
0xb4b	0xb4b	0
0xb4e	0xb4e	0
0xb51	0xb51	0
0xb55	0xb55	0
0xb56	0xb56	0
0xb58	0xb58	0
0xb5c	0xb5c	0
0xb72	0xb72	0
0xb73	0xb73	0
0xb77	0xb77	0
0xb7a	0xb7a	0
0xb7b	0xb7b	0
0xb9e	0xb9e	0
0xba0	0xba0	0
0xba3	0xba3	0
0xba5	0xba5	0
0xba7	0xba7	0
0xbaa	0xbaa	0
0xbac	0xbac	0
0xbcd	0xbcd	0
0xbd0	0xbd0	0
0xbd3	0xbd3	0
0xbd7	0xbd7	0
0xbd8	0xbd8	0
0xbda	0xbda	0
0xbde	0xbde	0
0xbe0	0xbe0	0
0xbe1	0xbe1	0
0xbe4	0xbe4	0
0xbe5	0xbe5	0
0xc08	0xc08	0
0xc09	0xc09	0
0xc0c	0xc0c	0
0xc0f	0xc0f	0
0xc10	0xc10	0
0xc13	0xc13	0
0xc28	0xc28	0
0xc2a	0xc2a	0
0xc30	0xc30	0
0xc34	0xc34	0
0xc36	0xc36	0
0xc3d	0xc3d	0
0xc3e	0xc3e	0
0xc42	0xc42	0
0xc43	0xc43	0
0xc45	0xc45	0
0xc46	0xc46	0
0xc4a	0xc4a	0
0xc50	0xc50	0
0xc51	0xc51	0
0xc52	0xc52	0
0xc54	0xc54	0
0xc55	0xc55	0
0xc59	0xc59	0
0xc5a	0xc5a	0
0xc5e	0xc5e	0
0xc5f	0xc5f	0
0xc67	0xc67	0
0xc69	0xc69	0
0xc6a	0xc6a	0
0xc6b	0xc6b	0
0xc6e	0xc6e	0
0xc6f	0xc6f	0
0xc70	0xc70	0
0xc74	0xc74	0
0xc7a	0xc7a	0
0xc7e	0xc7e	0
0xc82	0xc82	0
0xc85	0xc85	0
0xc86	0xc86	0
0xca9	0xca9	0
0xcab	0xcab	0
0xcae	0xcae	0
0xcb0	0xcb0	0
0xcb2	0xcb2	0
0xcb5	0xcb5	0
0xcb7	0xcb7	0
0xcd8	0xcd8	0
0xcdb	0xcdb	0
0xcde	0xcde	0
0xce2	0xce2	0
0xce3	0xce3	0
0xce5	0xce5	0
0xce9	0xce9	0
0xceb	0xceb	0
0xcec	0xcec	0
0xcf0	0xcf0	0
0xd05	0xd05	0
0xd08	0xd08	0
0xd11	0xd11	0
0xd13	0xd13	0
0xd14	0xd14	0
0xd29	0xd29	0
0xd2d	0xd2d	0
0xd42	0xd42	0
0xd43	0xd43	0
0xd48	0xd48	0
0xd4a	0xd4a	0
0xd4d	0xd4d	0
0xd50	0xd50	0
0xd51	0xd51	0
0xd54	0xd54	0
0xd55	0xd55	0
0xd57	0xd57	0
0xd58	0xd58	0
0xd5c	0xd5c	0
0xd60	0xd60	0
0xd62	0xd62	0
0xd63	0xd63	0
0xd7a	0xd7a	0
0xd7d	0xd7d	0
0xd82	0xd82	0
0xd84	0xd84	0
0xd85	0xd85	0
0xd9c	0xd9c	0
0xd9e	0xd9e	0
0xd9f	0xd9f	0
0xda0	0xda0	0
0xda4	0xda4	0
0xda7	0xda7	0
0xda8	0xda8	0
0xdcb	0xdcb	0
0xdcd	0xdcd	0
0xdd0	0xdd0	0
0xdd4	0xdd4	0
0xdd7	0xdd7	0
0xdd9	0xdd9	0
0xdfa	0xdfa	0
0xdfd	0xdfd	0
0xe00	0xe00	0
0xe04	0xe04	0
0xe05	0xe05	0
0xe07	0xe07	0
0xe0b	0xe0b	0
0xe0d	0xe0d	0
0xe0e	0xe0e	0
0xe10	0xe10	0
0xe11	0xe11	0
0xe14	0xe14	0
0xe29	0xe29	0
0xe2b	0xe2b	0
0xe50	0xe50	0
0xe53	0xe53	0
0xe54	0xe54	0
0xe75	0xe75	0
0xe7a	0xe7a	0
0xe7c	0xe7c	0
0xe7e	0xe7e	0
0xe7f	0xe7f	0
0xe80	0xe80	0
0xe81	0xe81	0
0xe85	0xe85	0
0xe88	0xe88	0
0xe89	0xe89	0
0xeac	0xeac	0
0xeae	0xeae	0
0xeb1	0xeb1	0
0xeb3	0xeb3	0
0xeb5	0xeb5	0
0xeb8	0xeb8	0
0xeba	0xeba	0
0xedb	0xedb	0
0xede	0xede	0
0xee1	0xee1	0
0xee5	0xee5	0
0xee6	0xee6	0
0xee8	0xee8	0
0xeec	0xeec	0
0xeee	0xeee	0
0xef1	0xef1	0
0xef3	0xef3	0
0xef4	0xef4	0
0xef8	0xef8	0
0xefb	0xefb	0
0xefc	0xefc	0
0xf1f	0xf1f	0
0xf21	0xf21	0
0xf24	0xf24	0
0xf26	0xf26	0
0xf28	0xf28	0
0xf2b	0xf2b	0
0xf2d	0xf2d	0
0xf4e	0xf4e	0
0xf51	0xf51	0
0xf54	0xf54	0
0xf58	0xf58	0
0xf59	0xf59	0
0xf5b	0xf5b	0
0xf5f	0xf5f	0
0xf61	0xf61	0
0xf62	0xf62	0
0xf64	0xf64	0
0xf65	0xf65	0
0xf69	0xf69	0
0xf6c	0xf6c	0
0xf6d	0xf6d	0
0xf90	0xf90	0
0xf92	0xf92	0
0xf95	0xf95	0
0xf97	0xf97	0
0xf99	0xf99	0
0xf9c	0xf9c	0
0xf9e	0xf9e	0
0xfbf	0xfbf	0
0xfc2	0xfc2	0
0xfc5	0xfc5	0
0xfc9	0xfc9	0
0xfca	0xfca	0
0xfcc	0xfcc	0
0xfd0	0xfd0	0
0xfd3	0xfd3	0
0xfd6	0xfd6	0
0xfde	0xfde	0
0xfe3	0xfe3	0
0xfe7	0xfe7	0
0xfea	0xfea	0
0xfeb	0xfeb	0
0x100e	0x100e	0
0x1010	0x1010	0
0x1013	0x1013	0
0x1015	0x1015	0
0x1017	0x1017	0
0x101a	0x101a	0
0x101c	0x101c	0
0x103d	0x103d	0
0x1040	0x1040	0
0x1043	0x1043	0
0x1047	0x1047	0
0x1048	0x1048	0
0x104a	0x104a	0
0x104e	0x104e	0
0x1051	0x1051	0
0x1054	0x1054	0
0x105c	0x105c	0
0x1061	0x1061	0
0x1065	0x1065	0
0x1068	0x1068	0
0x1069	0x1069	0
0x108c	0x108c	0
0x108e	0x108e	0
0x1091	0x1091	0
0x1093	0x1093	0
0x1095	0x1095	0
0x1098	0x1098	0
0x109a	0x109a	0
0x10bb	0x10bb	0
0x10be	0x10be	0
0x10c1	0x10c1	0
0x10c5	0x10c5	0
0x10c6	0x10c6	0
0x10c8	0x10c8	0
0x10cc	0x10cc	0
0x10ce	0x10ce	0
0x10d3	0x10d3	0
0x10da	0x10da	0
0x10df	0x10df	0
0x10e1	0x10e1	0
0x10e8	0x10e8	0
0x10ea	0x10ea	0
0x10f4	0x10f4	0
0x10f6	0x10f6	0
0x10f7	0x10f7	0
0x110c	0x110c	0
0x1110	0x1110	0
0x1112	0x1112	0
0x1113	0x1113	0
0x1128	0x1128	0
0x112c	0x112c	0
0x112f	0x112f	0
0x1134	0x1134	0
0x1136	0x1136	0
0x1137	0x1137	0
0x114e	0x114e	0
0x1150	0x1150	0
0x1151	0x1151	0
0x1152	0x1152	0
0x1156	0x1156	0
0x1159	0x1159	0
0x115a	0x115a	0
0x117d	0x117d	0
0x117f	0x117f	0
0x1182	0x1182	0
0x1186	0x1186	0
0x1189	0x1189	0
0x118b	0x118b	0
0x11ac	0x11ac	0
0x11af	0x11af	0
0x11b2	0x11b2	0
0x11b6	0x11b6	0
0x11b7	0x11b7	0
0x11b9	0x11b9	0
0x11bd	0x11bd	0
0x11c0	0x11c0	0
0x11c1	0x11c1	0
0x11c2	0x11c2	0
0x11c6	0x11c6	0
0x11c9	0x11c9	0
0x11ca	0x11ca	0
0x11ed	0x11ed	0
0x11ef	0x11ef	0
0x11f2	0x11f2	0
0x11f4	0x11f4	0
0x11f6	0x11f6	0
0x11f9	0x11f9	0
0x11fb	0x11fb	0
0x121c	0x121c	0
0x121f	0x121f	0
0x1222	0x1222	0
0x1226	0x1226	0
0x1227	0x1227	0
0x1229	0x1229	0
0x122d	0x122d	0
0x122f	0x122f	0
0x1230	0x1230	0
0x1231	0x1231	0
0x1235	0x1235	0
0x1238	0x1238	0
0x123a	0x123a	0
0x123c	0x123c	0
0x1242	0x1242	0
0x1243	0x1243	0
0x124d	0x124d	0
0x124f	0x124f	0
0x1250	0x1250	0
0x1254	0x1254	0
0x125a	0x125a	0
0x125c	0x125c	0
0x1262	0x1262	0
0x1264	0x1264	0
0x1265	0x1265	0
0x1267	0x1267	0
0x1269	0x1269	0
0x126a	0x126a	0
0x126e	0x126e	0
0x126f	0x126f	0
0x1274	0x1274	0
0x1276	0x1276	0
0x1277	0x1277	0
0x127a	0x127a	0
0x127c	0x127c	0
0x127f	0x127f	0
0x1285	0x1285	0
0x1286	0x1286	0
0x128a	0x128a	0
0x128d	0x128d	0
0x1291	0x1291	0
0x1293	0x1293	0
0x129a	0x129a	0
0x129b	0x129b	0
0x129f	0x129f	0
0x12a2	0x12a2	0
0x12a5	0x12a5	0
0x12a7	0x12a7	0
0x12ac	0x12ac	0
0x12af	0x12af	0
0x12b4	0x12b4	0
0x12b6	0x12b6	0
0x12b7	0x12b7	0
0x12ce	0x12ce	0
0x12d0	0x12d0	0
0x12d1	0x12d1	0
0x12d2	0x12d2	0
0x12d6	0x12d6	0
0x12d9	0x12d9	0
0x12da	0x12da	0
0x12fd	0x12fd	0
0x12ff	0x12ff	0
0x1302	0x1302	0
0x1306	0x1306	0
0x1309	0x1309	0
0x130b	0x130b	0
0x132c	0x132c	0
0x132f	0x132f	0
0x1332	0x1332	0
0x1336	0x1336	0
0x1337	0x1337	0
0x1339	0x1339	0
0x133d	0x133d	0
0x1340	0x1340	0
0x1341	0x1341	0
0x1342	0x1342	0
0x1346	0x1346	0
0x1349	0x1349	0
0x134a	0x134a	0
0x136d	0x136d	0
0x136f	0x136f	0
0x1372	0x1372	0
0x1374	0x1374	0
0x1376	0x1376	0
0x1379	0x1379	0
0x137b	0x137b	0
0x139c	0x139c	0
0x139f	0x139f	0
0x13a2	0x13a2	0
0x13a6	0x13a6	0
0x13a7	0x13a7	0
0x13a9	0x13a9	0
0x13ad	0x13ad	0
0x13af	0x13af	0
0x13b0	0x13b0	0
0x13b1	0x13b1	0
0x13b5	0x13b5	0
0x13b8	0x13b8	0
0x13ba	0x13ba	0
0x13bc	0x13bc	0
0x13c2	0x13c2	0
0x13c3	0x13c3	0
0x13cd	0x13cd	0
0x13cf	0x13cf	0
0x13d0	0x13d0	0
0x13d4	0x13d4	0
0x13da	0x13da	0
0x13dc	0x13dc	0
0x13e2	0x13e2	0
0x13e4	0x13e4	0
0x13e5	0x13e5	0
0x13e7	0x13e7	0
0x13e9	0x13e9	0
0x13ea	0x13ea	0
0x13ee	0x13ee	0
0x13ef	0x13ef	0
0x13f4	0x13f4	0
0x13f6	0x13f6	0
0x13f7	0x13f7	0
0x13fa	0x13fa	0
0x13fc	0x13fc	0
0x13ff	0x13ff	0
0x1405	0x1405	0
0x1406	0x1406	0
0x140a	0x140a	0
0x140d	0x140d	0
0x1411	0x1411	0
0x1413	0x1413	0
0x141a	0x141a	0
0x141b	0x141b	0
0x141f	0x141f	0
0x1422	0x1422	0
0x1425	0x1425	0
0x1427	0x1427	0
0x142c	0x142c	0
0x142f	0x142f	0
0x1434	0x1434	0
0x1436	0x1436	0
0x1437	0x1437	0
0x144e	0x144e	0
0x1450	0x1450	0
0x1451	0x1451	0
0x1452	0x1452	0
0x1456	0x1456	0
0x1459	0x1459	0
0x145a	0x145a	0
0x147d	0x147d	0
0x147f	0x147f	0
0x1482	0x1482	0
0x1486	0x1486	0
0x1489	0x1489	0
0x148b	0x148b	0
0x14ac	0x14ac	0
0x14af	0x14af	0
0x14b2	0x14b2	0
0x14b6	0x14b6	0
0x14b7	0x14b7	0
0x14b9	0x14b9	0
0x14bd	0x14bd	0
0x14c0	0x14c0	0
0x14c1	0x14c1	0
0x14c5	0x14c5	0
0x14c8	0x14c8	0
0x14c9	0x14c9	0
0x14ec	0x14ec	0
0x14ee	0x14ee	0
0x14f1	0x14f1	0
0x14f3	0x14f3	0
0x14f5	0x14f5	0
0x14f8	0x14f8	0
0x14fa	0x14fa	0
0x151b	0x151b	0
0x151e	0x151e	0
0x1521	0x1521	0
0x1525	0x1525	0
0x1526	0x1526	0
0x1528	0x1528	0
0x152c	0x152c	0
0x1532	0x1532	0
0x1537	0x1537	0
0x1539	0x1539	0
0x153a	0x153a	0
0x154f	0x154f	0
0x1691	0x1691	0
0x1693	0x1693	0
0x1695	0x1695	0
0x1696	0x1696	0
0x1697	0x1697	0
0x1698	0x1698	0
0x169c	0x169c	0
0x169f	0x169f	0
0x16a0	0x16a0	0
0x16c3	0x16c3	0
0x16c5	0x16c5	0
0x16c8	0x16c8	0
0x16ca	0x16ca	0
0x16cc	0x16cc	0
0x16cf	0x16cf	0
0x16d1	0x16d1	0
0x16f2	0x16f2	0
0x16f5	0x16f5	0
0x16f8	0x16f8	0
0x16fc	0x16fc	0
0x16fd	0x16fd	0
0x16ff	0x16ff	0
0x1703	0x1703	0
0x1705	0x1705	0
0x1708	0x1708	0
0x170a	0x170a	0
0x170b	0x170b	0
0x170f	0x170f	0
0x1712	0x1712	0
0x1713	0x1713	0
0x1736	0x1736	0
0x1738	0x1738	0
0x173b	0x173b	0
0x173d	0x173d	0
0x173f	0x173f	0
0x1742	0x1742	0
0x1744	0x1744	0
0x1765	0x1765	0
0x1768	0x1768	0
0x176b	0x176b	0
0x176f	0x176f	0
0x1770	0x1770	0
0x1772	0x1772	0
0x1776	0x1776	0
0x1778	0x1778	0
0x1779	0x1779	0
0x177b	0x177b	0
0x177c	0x177c	0
0x1780	0x1780	0
0x1783	0x1783	0
0x1784	0x1784	0
0x17a7	0x17a7	0
0x17a9	0x17a9	0
0x17ac	0x17ac	0
0x17ae	0x17ae	0
0x17b0	0x17b0	0
0x17b3	0x17b3	0
0x17b5	0x17b5	0
0x17d6	0x17d6	0
0x17d9	0x17d9	0
0x17dc	0x17dc	0
0x17e0	0x17e0	0
0x17e1	0x17e1	0
0x17e3	0x17e3	0
0x17e8	0x17e8	0
0x17eb	0x17eb	0
0x17ed	0x17ed	0
0x17ee	0x17ee	0
0x17f3	0x17f3	0
0x17f5	0x17f5	0
0x17f7	0x17f7	0
0x17f8	0x17f8	0
0x17fa	0x17fa	0
0x17fe	0x17fe	0
0x1801	0x1801	0
0x1802	0x1802	0
0x1825	0x1825	0
0x1827	0x1827	0
0x182a	0x182a	0
0x182c	0x182c	0
0x182e	0x182e	0
0x1831	0x1831	0
0x1833	0x1833	0
0x1854	0x1854	0
0x1857	0x1857	0
0x185a	0x185a	0
0x185e	0x185e	0
0x185f	0x185f	0
0x1861	0x1861	0
0x1865	0x1865	0
0x1868	0x1868	0
0x186b	0x186b	0
0x1873	0x1873	0
0x1878	0x1878	0
0x187c	0x187c	0
0x187f	0x187f	0
0x1880	0x1880	0
0x18a3	0x18a3	0
0x18a5	0x18a5	0
0x18a8	0x18a8	0
0x18aa	0x18aa	0
0x18ac	0x18ac	0
0x18af	0x18af	0
0x18b1	0x18b1	0
0x18d2	0x18d2	0
0x18d5	0x18d5	0
0x18d8	0x18d8	0
0x18dc	0x18dc	0
0x18dd	0x18dd	0
0x18df	0x18df	0
0x18e3	0x18e3	0
0x18e6	0x18e6	0
0x18e9	0x18e9	0
0x18ee	0x18ee	0
0x18f0	0x18f0	0
0x18f1	0x18f1	0
0x1906	0x1906	0
0x1908	0x1908	0
0x190a	0x190a	0
0x190f	0x190f	0
0x1914	0x1914	0
0x1916	0x1916	0
0x191d	0x191d	0
0x191f	0x191f	0
0x1927	0x1927	0
0x1929	0x1929	0
0x192a	0x192a	0
0x192e	0x192e	0
0x192f	0x192f	0
0x1931	0x1931	0
0x1933	0x1933	0
0x1938	0x1938	0
0x193b	0x193b	0
0x1941	0x1941	0
0x1946	0x1946	0
0x1948	0x1948	0
0x1949	0x1949	0
0x194b	0x194b	0
0x194c	0x194c	0
0x194e	0x194e	0
0x1952	0x1952	0
0x1954	0x1954	0
0x1955	0x1955	0
0x1978	0x1978	0
0x197a	0x197a	0
0x197d	0x197d	0
0x197f	0x197f	0
0x1982	0x1982	0
0x1985	0x1985	0
0x1989	0x1989	0
0x198b	0x198b	0
0x198d	0x198d	0
0x1990	0x1990	0
0x1994	0x1994	0
0x1996	0x1996	0
0x199a	0x199a	0
0x199c	0x199c	0
0x199f	0x199f	0
0x19a3	0x19a3	0
0x19a5	0x19a5	0
0x19a6	0x19a6	0
0x19aa	0x19aa	0
0x19ab	0x19ab	0
0x19ad	0x19ad	0
0x19ae	0x19ae	0
0x19b0	0x19b0	0
0x19b1	0x19b1	0
0x19b5	0x19b5	0
0x19b8	0x19b8	0
0x19b9	0x19b9	0
0x19da	0x19da	0
0x19fd	0x19fd	0
0x19fe	0x19fe	0
0x1a01	0x1a01	0
0x1a02	0x1a02	0
0x1a03	0x1a03	0
0x1a05	0x1a05	0
0x1a09	0x1a09	0
0x1a1f	0x1a1f	0
0x1a20	0x1a20	0
0x1a24	0x1a24	0
0x1a27	0x1a27	0
0x1a28	0x1a28	0
0x1a4b	0x1a4b	0
0x1a4d	0x1a4d	0
0x1a50	0x1a50	0
0x1a52	0x1a52	0
0x1a54	0x1a54	0
0x1a57	0x1a57	0
0x1a59	0x1a59	0
0x1a7a	0x1a7a	0
0x1a7d	0x1a7d	0
0x1a80	0x1a80	0
0x1a84	0x1a84	0
0x1a85	0x1a85	0
0x1a87	0x1a87	0
0x1a8b	0x1a8b	0
0x1aa1	0x1aa1	0
0x1aa2	0x1aa2	0
0x1aa6	0x1aa6	0
0x1aa9	0x1aa9	0
0x1aaa	0x1aaa	0
0x1acd	0x1acd	0
0x1acf	0x1acf	0
0x1ad2	0x1ad2	0
0x1ad4	0x1ad4	0
0x1ad6	0x1ad6	0
0x1ad9	0x1ad9	0
0x1adb	0x1adb	0
0x1afc	0x1afc	0
0x1aff	0x1aff	0
0x1b02	0x1b02	0
0x1b06	0x1b06	0
0x1b07	0x1b07	0
0x1b09	0x1b09	0
0x1b0d	0x1b0d	0
0x1b23	0x1b23	0
0x1b24	0x1b24	0
0x1b28	0x1b28	0
0x1b2b	0x1b2b	0
0x1b2c	0x1b2c	0
0x1b4f	0x1b4f	0
0x1b51	0x1b51	0
0x1b54	0x1b54	0
0x1b56	0x1b56	0
0x1b58	0x1b58	0
0x1b5b	0x1b5b	0
0x1b5d	0x1b5d	0
0x1b7e	0x1b7e	0
0x1b81	0x1b81	0
0x1b84	0x1b84	0
0x1b88	0x1b88	0
0x1b89	0x1b89	0
0x1b8b	0x1b8b	0
0x1b8f	0x1b8f	0
0x1b92	0x1b92	0
0x1b97	0x1b97	0
0x1b9a	0x1b9a	0
0x1b9b	0x1b9b	0
0x1bb2	0x1bb2	0
0x1bb3	0x1bb3	0
0x1bd6	0x1bd6	0
0x1bd7	0x1bd7	0
0x1bdb	0x1bdb	0
0x1bde	0x1bde	0
0x1be1	0x1be1	0
0x1be4	0x1be4	0
0x1be5	0x1be5	0
0x1be8	0x1be8	0
0x1beb	0x1beb	0
0x1bee	0x1bee	0
0x1bf2	0x1bf2	0
0x1bf6	0x1bf6	0
0x1bf9	0x1bf9	0
0x1bfc	0x1bfc	0
0x1bfd	0x1bfd	0
0x1c1e	0x1c1e	0
0x1c1f	0x1c1f	0
0x1c21	0x1c21	0
0x1c25	0x1c25	0
0x1c26	0x1c26	0
0x1c2a	0x1c2a	0
0x1c2d	0x1c2d	0
0x1c2e	0x1c2e	0
0x1c4f	0x1c4f	0
0x1c59	0x1c59	0
0x1c5b	0x1c5b	0
0x1c5c	0x1c5c	0
0x1c5e	0x1c5e	0
0x1c62	0x1c62	0
0x1c66	0x1c66	0
0x1c68	0x1c68	0
0x1c69	0x1c69	0
0x1c6f	0x1c6f	0
0x1c72	0x1c72	0
0x1c77	0x1c77	0
0x1c79	0x1c79	0
0x1c7a	0x1c7a	0
0x1c91	0x1c91	0
0x1c93	0x1c93	0
0x1c94	0x1c94	0
0x1c95	0x1c95	0
0x1c99	0x1c99	0
0x1c9c	0x1c9c	0
0x1c9d	0x1c9d	0
0x1cc0	0x1cc0	0
0x1cc2	0x1cc2	0
0x1cc5	0x1cc5	0
0x1cc9	0x1cc9	0
0x1ccc	0x1ccc	0
0x1cce	0x1cce	0
0x1cef	0x1cef	0
0x1cf2	0x1cf2	0
0x1cf5	0x1cf5	0
0x1cf9	0x1cf9	0
0x1cfa	0x1cfa	0
0x1cfc	0x1cfc	0
0x1d00	0x1d00	0
0x1d03	0x1d03	0
0x1d04	0x1d04	0
0x1d26	0x1d26	0
0x1d27	0x1d27	0
0x1d2b	0x1d2b	0
0x1d2c	0x1d2c	0
0x1d2d	0x1d2d	0
0x1d32	0x1d32	0
0x1d34	0x1d34	0
0x1d38	0x1d38	0
0x1d3b	0x1d3b	0
0x1d40	0x1d40	0
0x1d42	0x1d42	0
0x1d43	0x1d43	0
0x1d5a	0x1d5a	0
0x1d5c	0x1d5c	0
0x1d5d	0x1d5d	0
0x1d5e	0x1d5e	0
0x1d62	0x1d62	0
0x1d65	0x1d65	0
0x1d66	0x1d66	0
0x1d89	0x1d89	0
0x1d8b	0x1d8b	0
0x1d8e	0x1d8e	0
0x1d92	0x1d92	0
0x1d95	0x1d95	0
0x1d97	0x1d97	0
0x1db8	0x1db8	0
0x1dbb	0x1dbb	0
0x1dbe	0x1dbe	0
0x1dc2	0x1dc2	0
0x1dc3	0x1dc3	0
0x1dc5	0x1dc5	0
0x1dc9	0x1dc9	0
0x1ddf	0x1ddf	0
0x1de0	0x1de0	0
0x1de4	0x1de4	0
0x1de6	0x1de6	0
0x1de7	0x1de7	0
0x1e0a	0x1e0a	0
0x1e0c	0x1e0c	0
0x1e0f	0x1e0f	0
0x1e11	0x1e11	0
0x1e14	0x1e14	0
0x1e17	0x1e17	0
0x1e1b	0x1e1b	0
0x1e1d	0x1e1d	0
0x1e1f	0x1e1f	0
0x1e22	0x1e22	0
0x1e26	0x1e26	0
0x1e28	0x1e28	0
0x1e2c	0x1e2c	0
0x1e2e	0x1e2e	0
0x1e31	0x1e31	0
0x1e35	0x1e35	0
0x1e37	0x1e37	0
0x1e38	0x1e38	0
0x1e3a	0x1e3a	0
0x1e3b	0x1e3b	0
0x1e52	0x1e52	0
0x1e54	0x1e54	0
0x1e56	0x1e56	0
0x1e78	0x1e78	0
0x1e7c	0x1e7c	0
0x1e7f	0x1e7f	0
0x1e80	0x1e80	0
0x1ea1	0x1ea1	0
0x1ea2	0x1ea2	0
0x1eba	0x1eba	0
0x1ebe	0x1ebe	0
0x2f6e	0x2f6e	0
0x2f92	0x2f92	0
0x2fb6	0x2fb6	0
0x2fda	0x2fda	0
0x2ffe	0x2ffe	0
0x3022	0x3022	0
0x3046	0x3046	0
0x306a	0x306a	0
0x308e	0x308e	0
0x3091	0x3091	0
0x3095	0x3095	0
0x3099	0x3099	0
0x309a	0x309a	0
0x309c	0x309c	0
0x30bf	0x30bf	0
0x30c2	0x30c2	0
0x30c6	0x30c6	0
0x30ca	0x30ca	0
0x30cb	0x30cb	0
0x30cd	0x30cd	0
0x3111	0x3111	0
0x3114	0x3114	0
0x3118	0x3118	0
0x311c	0x311c	0
0x311d	0x311d	0
0x311f	0x311f	0
0x3142	0x3142	0
0x3145	0x3145	0
0x3147	0x3147	0
0x3148	0x3148	0
0x314b	0x314b	0
0x314f	0x314f	0
0x3150	0x3150	0
0x3152	0x3152	0
0x3196	0x3196	0
0x3199	0x3199	0
0x319a	0x319a	0
0x31b1	0x31b1	0
0x31b4	0x31b4	0
0x31b8	0x31b8	0
0x31b9	0x31b9	0
0x31bb	0x31bb	0
0x31de	0x31de	0
0x31e1	0x31e1	0
0x31e5	0x31e5	0
0x31e9	0x31e9	0
0x31ea	0x31ea	0
0x31ec	0x31ec	0
0x320f	0x320f	0
0x3212	0x3212	0
0x3216	0x3216	0
0x321a	0x321a	0
0x321b	0x321b	0
0x321d	0x321d	0
0x3282	0x3282	0
0x3285	0x3285	0
0x3286	0x3286	0
0x329d	0x329d	0
0x32a0	0x32a0	0
0x32a4	0x32a4	0
0x32a5	0x32a5	0
0x32a7	0x32a7	0
0x32ca	0x32ca	0
0x32cd	0x32cd	0
0x32ce	0x32ce	0
0x32e5	0x32e5	0
0x32e8	0x32e8	0
0x32ec	0x32ec	0
0x32ed	0x32ed	0
0x32ef	0x32ef	0
0x3375	0x3375	0
0x3378	0x3378	0
0x3379	0x3379	0
0x3390	0x3390	0
0x3393	0x3393	0
0x3397	0x3397	0
0x3398	0x3398	0
0x339a	0x339a	0
0x33bd	0x33bd	0
0x33c0	0x33c0	0
0x33c2	0x33c2	0
0x33c3	0x33c3	0
0x33c6	0x33c6	0
0x33ca	0x33ca	0
0x33cb	0x33cb	0
0x33cd	0x33cd	0
0x3432	0x3432	0
0x3435	0x3435	0
0x3437	0x3437	0
0x3438	0x3438	0
0x343b	0x343b	0
0x343f	0x343f	0
0x3440	0x3440	0
0x3442	0x3442	0
0x3465	0x3465	0
0x3468	0x3468	0
0x346c	0x346c	0
0x3470	0x3470	0
0x3471	0x3471	0
0x3473	0x3473	0
0x34b7	0x34b7	0
0x34ba	0x34ba	0
0x34be	0x34be	0
0x34c2	0x34c2	0
0x34c3	0x34c3	0
0x34c5	0x34c5	0
0x3555	0x3555	0
0x355a	0x355a	0
0x355e	0x355e	0
0x355f	0x355f	0
0x3560	0x3560	0
0x3619	0x3619	0
0x361e	0x361e	0
0x3622	0x3622	0
0x3623	0x3623	0
0x3624	0x3624	0
0x3788	0x3788	0
0x378a	0x378a	0
0x378c	0x378c	0
0x378e	0x378e	0
0x3790	0x3790	0
0x3792	0x3792	0
0x3794	0x3794	0
0x3796	0x3796	0
0x3798	0x3798	0
0x379a	0x379a	0
0x379c	0x379c	0
0x379e	0x379e	0
0x37a0	0x37a0	0
0x37a2	0x37a2	0
0x37a4	0x37a4	0
0x37a6	0x37a6	0
0x37a8	0x37a8	0
0x37aa	0x37aa	0
0x37ac	0x37ac	0
0x37ae	0x37ae	0
0x37b0	0x37b0	0
0x37b2	0x37b2	0
0x37b4	0x37b4	0
0x37b6	0x37b6	0
0x37b8	0x37b8	0
0x37ba	0x37ba	0
0x37bd	0x37bd	0
0x37c0	0x37c0	0
0x37c3	0x37c3	0
0x37c6	0x37c6	0
0x37c9	0x37c9	0
0x37cc	0x37cc	0
0x37cf	0x37cf	0
0x37d2	0x37d2	0
0x37d5	0x37d5	0
0x37d8	0x37d8	0
0x37db	0x37db	0
0x37de	0x37de	0
0x37e1	0x37e1	0
0x37e4	0x37e4	0
0x37e7	0x37e7	0
0x37ea	0x37ea	0
0x37ed	0x37ed	0
0x37f0	0x37f0	0
0x37f3	0x37f3	0
0x37f6	0x37f6	0
0x37f9	0x37f9	0
0x37fc	0x37fc	0
0x37ff	0x37ff	0
0x3802	0x3802	0
0x3805	0x3805	0
0x3808	0x3808	0
0xfe1	0xfe1_0x0	0
0x1876	0x1876_0x0	0
0x1f600x222	0x2220x1f60	0
0x1f600x67e	0x67e0x1f60	0
0x1f600x971	0x9710x1f60	0
0x1f250x222	0x2220x1f25	0
0x1f250x67e	0x67e0x1f25	0
0x1f250x971	0x9710x1f25	0
0x1ef00x222	0x2220x1ef0	0
0x1ef00x67e	0x67e0x1ef0	0
0x1ef00x971	0x9710x1ef0	0
0x1edd0x222	0x2220x1edd	0
0x1edd0x67e	0x67e0x1edd	0
0x1edd0x971	0x9710x1edd	0
0x1ed10x222	0x2220x1ed1	0
0x1ed10x67e	0x67e0x1ed1	0
0x1ed10x971	0x9710x1ed1	0
0x168b0x67e	0x67e0x168b	0
0x16800x67e	0x67e0x1680	0
0x15c90x67e	0x67e0x15c9	0
0x15590x67e	0x67e0x1559	0
0xabc0x222	0x2220xabc	0
0xabc0x67e	0x67e0xabc	0
0xabc0x971	0x9710xabc	0
0xaaa0x222	0x2220xaaa	0
0xaaa0x971	0x9710xaaa	0
0xa9f0x222	0x2220xa9f	0
0xa9f0x971	0x9710xa9f	0
0x9e80x222	0x2220x9e8	0
0x9e80x971	0x9710x9e8	0
0x9780x222	0x2220x978	0
0x17f9_0x0	0x17f9_0x0	0
0x193f_0x0	0x193f_0x0	0
0x194d_0x0	0x194d_0x0	0
0x1ecb0x222_0x0	0x1ecb0x222_0x0	0
0x1ecb0x67e_0x0	0x1ecb0x67e_0x0	0
0x1ecb0x971_0x0	0x1ecb0x971_0x0	0
0x1ed50x222_0x0	0x1ed50x222_0x0	0
0x1ed50x67e_0x0	0x1ed50x67e_0x0	0
0x1ed50x971_0x0	0x1ed50x971_0x0	0
0x1ee20x222_0x0	0x1ee20x222_0x0	0
0x1ee20x222_0x4	0x1ee20x222_0x4	0
0x1ee20x67e_0x0	0x1ee20x67e_0x0	0
0x1ee20x67e_0x4	0x1ee20x67e_0x4	0
0x1ee20x971_0x0	0x1ee20x971_0x0	0
0x1ee20x971_0x4	0x1ee20x971_0x4	0
0x1ef40x222_0x2	0x1ef40x222_0x2	0
0x1ef40x67e_0x2	0x1ef40x67e_0x2	0
0x1ef40x971_0x2	0x1ef40x971_0x2	0
0x1f290x222_0x2	0x1f290x222_0x2	0
0x1f290x67e_0x2	0x1f290x67e_0x2	0
0x1f290x971_0x2	0x1f290x971_0x2	0
0x1f5b0x222_0x1	0x1f5b0x222_0x1	0
0x1f5b0x67e_0x1	0x1f5b0x67e_0x1	0
0x1f5b0x971_0x1	0x1f5b0x971_0x1	0
0x1f640x222_0x1	0x1f640x222_0x1	0
0x1f640x67e_0x1	0x1f640x67e_0x1	0
0x1f640x971_0x1	0x1f640x971_0x1	0
0x1f670x222	0x2220x1f67	0
0x1f670x67e	0x67e0x1f67	0
0x1f670x971	0x9710x1f67	0
0x1f5f0x222	0x2220x1f5f	0
0x1f5f0x67e	0x67e0x1f5f	0
0x1f5f0x971	0x9710x1f5f	0
0x1f5d0x222	0x2220x1f5d	0
0x1f5d0x67e	0x67e0x1f5d	0
0x1f5d0x971	0x9710x1f5d	0
0x1f580x222	0x2220x1f58	0
0x1f580x67e	0x67e0x1f58	0
0x1f580x971	0x9710x1f58	0
0x1f570x222	0x2220x1f57	0
0x1f570x67e	0x67e0x1f57	0
0x1f570x971	0x9710x1f57	0
0x1f550x222	0x2220x1f55	0
0x1f550x67e	0x67e0x1f55	0
0x1f550x971	0x9710x1f55	0
0x1f530x222	0x2220x1f53	0
0x1f530x67e	0x67e0x1f53	0
0x1f530x971	0x9710x1f53	0
0x1f4f0x222	0x2220x1f4f	0
0x1f4f0x67e	0x67e0x1f4f	0
0x1f4f0x971	0x9710x1f4f	0
0x1f4b0x222	0x2220x1f4b	0
0x1f4b0x67e	0x67e0x1f4b	0
0x1f4b0x971	0x9710x1f4b	0
0x1f4a0x222	0x2220x1f4a	0
0x1f4a0x67e	0x67e0x1f4a	0
0x1f4a0x971	0x9710x1f4a	0
0x1f460x222	0x2220x1f46	0
0x1f460x67e	0x67e0x1f46	0
0x1f460x971	0x9710x1f46	0
0x1f450x222	0x2220x1f45	0
0x1f450x67e	0x67e0x1f45	0
0x1f450x971	0x9710x1f45	0
0x1f430x222	0x2220x1f43	0
0x1f430x67e	0x67e0x1f43	0
0x1f430x971	0x9710x1f43	0
0x1f3e0x222	0x2220x1f3e	0
0x1f3e0x67e	0x67e0x1f3e	0
0x1f3e0x971	0x9710x1f3e	0
0x1f3c0x222	0x2220x1f3c	0
0x1f3c0x67e	0x67e0x1f3c	0
0x1f3c0x971	0x9710x1f3c	0
0x1f380x222	0x2220x1f38	0
0x1f380x67e	0x67e0x1f38	0
0x1f380x971	0x9710x1f38	0
0x1f360x222	0x2220x1f36	0
0x1f360x67e	0x67e0x1f36	0
0x1f360x971	0x9710x1f36	0
0x1f310x222	0x2220x1f31	0
0x1f310x67e	0x67e0x1f31	0
0x1f310x971	0x9710x1f31	0
0x1f2f0x222	0x2220x1f2f	0
0x1f2f0x67e	0x67e0x1f2f	0
0x1f2f0x971	0x9710x1f2f	0
0x1f2e0x222	0x2220x1f2e	0
0x1f2e0x67e	0x67e0x1f2e	0
0x1f2e0x971	0x9710x1f2e	0
0x1f2c0x222	0x2220x1f2c	0
0x1f2c0x67e	0x67e0x1f2c	0
0x1f2c0x971	0x9710x1f2c	0
0x1f220x222	0x2220x1f22	0
0x1f220x67e	0x67e0x1f22	0
0x1f220x971	0x9710x1f22	0
0x1f210x222	0x2220x1f21	0
0x1f210x67e	0x67e0x1f21	0
0x1f210x971	0x9710x1f21	0
0x1f1f0x222	0x2220x1f1f	0
0x1f1f0x67e	0x67e0x1f1f	0
0x1f1f0x971	0x9710x1f1f	0
0x1f1d0x222	0x2220x1f1d	0
0x1f1d0x67e	0x67e0x1f1d	0
0x1f1d0x971	0x9710x1f1d	0
0x1f190x222	0x2220x1f19	0
0x1f190x67e	0x67e0x1f19	0
0x1f190x971	0x9710x1f19	0
0x1f150x222	0x2220x1f15	0
0x1f150x67e	0x67e0x1f15	0
0x1f150x971	0x9710x1f15	0
0x1f140x222	0x2220x1f14	0
0x1f140x67e	0x67e0x1f14	0
0x1f140x971	0x9710x1f14	0
0x1f100x222	0x2220x1f10	0
0x1f100x67e	0x67e0x1f10	0
0x1f100x971	0x9710x1f10	0
0x1f0f0x222	0x2220x1f0f	0
0x1f0f0x67e	0x67e0x1f0f	0
0x1f0f0x971	0x9710x1f0f	0
0x1f0d0x222	0x2220x1f0d	0
0x1f0d0x67e	0x67e0x1f0d	0
0x1f0d0x971	0x9710x1f0d	0
0x1f080x222	0x2220x1f08	0
0x1f080x67e	0x67e0x1f08	0
0x1f080x971	0x9710x1f08	0
0x1f060x222	0x2220x1f06	0
0x1f060x67e	0x67e0x1f06	0
0x1f060x971	0x9710x1f06	0
0x1f020x222	0x2220x1f02	0
0x1f020x67e	0x67e0x1f02	0
0x1f020x971	0x9710x1f02	0
0x1f000x222	0x2220x1f00	0
0x1f000x67e	0x67e0x1f00	0
0x1f000x971	0x9710x1f00	0
0x1efb0x222	0x2220x1efb	0
0x1efb0x67e	0x67e0x1efb	0
0x1efb0x971	0x9710x1efb	0
0x1ef90x222	0x2220x1ef9	0
0x1ef90x67e	0x67e0x1ef9	0
0x1ef90x971	0x9710x1ef9	0
0x1ef80x222	0x2220x1ef8	0
0x1ef80x67e	0x67e0x1ef8	0
0x1ef80x971	0x9710x1ef8	0
0x1ef60x222	0x2220x1ef6	0
0x1ef60x67e	0x67e0x1ef6	0
0x1ef60x971	0x9710x1ef6	0
0x1eef0x222	0x2220x1eef	0
0x1eef0x67e	0x67e0x1eef	0
0x1eef0x971	0x9710x1eef	0
0x1eea0x222	0x2220x1eea	0
0x1eea0x67e	0x67e0x1eea	0
0x1eea0x971	0x9710x1eea	0
0x1ee90x222	0x2220x1ee9	0
0x1ee90x67e	0x67e0x1ee9	0
0x1ee90x971	0x9710x1ee9	0
0x1ee80x222	0x2220x1ee8	0
0x1ee80x67e	0x67e0x1ee8	0
0x1ee80x971	0x9710x1ee8	0
0x1ee60x222	0x2220x1ee6	0
0x1ee60x67e	0x67e0x1ee6	0
0x1ee60x971	0x9710x1ee6	0
0x1ee50x222	0x2220x1ee5	0
0x1ee50x67e	0x67e0x1ee5	0
0x1ee50x971	0x9710x1ee5	0
0x1ee30x222	0x2220x1ee3	0
0x1ee30x67e	0x67e0x1ee3	0
0x1ee30x971	0x9710x1ee3	0
0x1edc0x222	0x2220x1edc	0
0x1edc0x67e	0x67e0x1edc	0
0x1edc0x971	0x9710x1edc	0
0x1eda0x222	0x2220x1eda	0
0x1eda0x67e	0x67e0x1eda	0
0x1eda0x971	0x9710x1eda	0
0x1ed50x222	0x2220x1ed5	0
0x1ed50x67e	0x67e0x1ed5	0
0x1ed50x971	0x9710x1ed5	0
0x1ed00x222	0x2220x1ed0	0
0x1ed00x67e	0x67e0x1ed0	0
0x1ed00x971	0x9710x1ed0	0
0x1ecf0x222	0x2220x1ecf	0
0x1ecf0x67e	0x67e0x1ecf	0
0x1ecf0x971	0x9710x1ecf	0
0x1ecd0x222	0x2220x1ecd	0
0x1ecd0x67e	0x67e0x1ecd	0
0x1ecd0x971	0x9710x1ecd	0
0x1ec70x222	0x2220x1ec7	0
0x1ec70x67e	0x67e0x1ec7	0
0x1ec70x971	0x9710x1ec7	0
0x168a0x67e	0x67e0x168a	0
0x16880x67e	0x67e0x1688	0
0x16840x67e	0x67e0x1684	0
0x167d0x67e	0x67e0x167d	0
0x167c0x67e	0x67e0x167c	0
0x167a0x67e	0x67e0x167a	0
0x16780x67e	0x67e0x1678	0
0x16740x67e	0x67e0x1674	0
0x16700x67e	0x67e0x1670	0
0x166f0x67e	0x67e0x166f	0
0x166b0x67e	0x67e0x166b	0
0x166a0x67e	0x67e0x166a	0
0x16680x67e	0x67e0x1668	0
0x16630x67e	0x67e0x1663	0
0x16610x67e	0x67e0x1661	0
0x165d0x67e	0x67e0x165d	0
0x165b0x67e	0x67e0x165b	0
0x16580x67e	0x67e0x1658	0
0x16560x67e	0x67e0x1656	0
0x16550x67e	0x67e0x1655	0
0x16400x67e	0x67e0x1640	0
0x163d0x67e	0x67e0x163d	0
0x163b0x67e	0x67e0x163b	0
0x163a0x67e	0x67e0x163a	0
0x16380x67e	0x67e0x1638	0
0x16340x67e	0x67e0x1634	0
0x16300x67e	0x67e0x1630	0
0x162e0x67e	0x67e0x162e	0
0x162d0x67e	0x67e0x162d	0
0x16290x67e	0x67e0x1629	0
0x16260x67e	0x67e0x1626	0
0x16230x67e	0x67e0x1623	0
0x16020x67e	0x67e0x1602	0
0x16000x67e	0x67e0x1600	0
0x15fd0x67e	0x67e0x15fd	0
0x15fb0x67e	0x67e0x15fb	0
0x15f90x67e	0x67e0x15f9	0
0x15f60x67e	0x67e0x15f6	0
0x15f40x67e	0x67e0x15f4	0
0x15d10x67e	0x67e0x15d1	0
0x15d00x67e	0x67e0x15d0	0
0x15cd0x67e	0x67e0x15cd	0
0x15c80x67e	0x67e0x15c8	0
0x15c60x67e	0x67e0x15c6	0
0x15c40x67e	0x67e0x15c4	0
0x15c00x67e	0x67e0x15c0	0
0x15be0x67e	0x67e0x15be	0
0x15bd0x67e	0x67e0x15bd	0
0x15b90x67e	0x67e0x15b9	0
0x15b60x67e	0x67e0x15b6	0
0x15b30x67e	0x67e0x15b3	0
0x15920x67e	0x67e0x1592	0
0x15900x67e	0x67e0x1590	0
0x158d0x67e	0x67e0x158d	0
0x158b0x67e	0x67e0x158b	0
0x15890x67e	0x67e0x1589	0
0x15860x67e	0x67e0x1586	0
0x15840x67e	0x67e0x1584	0
0x15610x67e	0x67e0x1561	0
0x15600x67e	0x67e0x1560	0
0x155d0x67e	0x67e0x155d	0
0x15580x67e	0x67e0x1558	0
0x15570x67e	0x67e0x1557	0
0x15530x67e	0x67e0x1553	0
0xaba0x222	0x2220xaba	0
0xaba0x67e	0x67e0xaba	0
0xaba0x971	0x9710xaba	0
0xab90x222	0x2220xab9	0
0xab90x67e	0x67e0xab9	0
0xab90x971	0x9710xab9	0
0xab80x222	0x2220xab8	0
0xab80x67e	0x67e0xab8	0
0xab80x971	0x9710xab8	0
0xab60x222	0x2220xab6	0
0xab60x67e	0x67e0xab6	0
0xab60x971	0x9710xab6	0
0xab40x222	0x2220xab4	0
0xab40x67e	0x67e0xab4	0
0xab40x971	0x9710xab4	0
0xab10x222	0x2220xab1	0
0xab10x67e	0x67e0xab1	0
0xab10x971	0x9710xab1	0
0xaa90x222	0x2220xaa9	0
0xaa90x971	0x9710xaa9	0
0xaa70x222	0x2220xaa7	0
0xaa70x971	0x9710xaa7	0
0xaa30x222	0x2220xaa3	0
0xaa30x971	0x9710xaa3	0
0xa9c0x222	0x2220xa9c	0
0xa9c0x971	0x9710xa9c	0
0xa9b0x222	0x2220xa9b	0
0xa9b0x971	0x9710xa9b	0
0xa990x222	0x2220xa99	0
0xa990x971	0x9710xa99	0
0xa970x222	0x2220xa97	0
0xa970x971	0x9710xa97	0
0xa930x222	0x2220xa93	0
0xa930x971	0x9710xa93	0
0xa8f0x222	0x2220xa8f	0
0xa8f0x971	0x9710xa8f	0
0xa8e0x222	0x2220xa8e	0
0xa8e0x971	0x9710xa8e	0
0xa8a0x222	0x2220xa8a	0
0xa8a0x971	0x9710xa8a	0
0xa890x222	0x2220xa89	0
0xa890x971	0x9710xa89	0
0xa870x222	0x2220xa87	0
0xa870x971	0x9710xa87	0
0xa820x222	0x2220xa82	0
0xa820x971	0x9710xa82	0
0xa800x222	0x2220xa80	0
0xa800x971	0x9710xa80	0
0xa7c0x222	0x2220xa7c	0
0xa7c0x971	0x9710xa7c	0
0xa7a0x222	0x2220xa7a	0
0xa7a0x971	0x9710xa7a	0
0xa770x222	0x2220xa77	0
0xa770x971	0x9710xa77	0
0xa750x222	0x2220xa75	0
0xa750x971	0x9710xa75	0
0xa740x222	0x2220xa74	0
0xa740x971	0x9710xa74	0
0xa5f0x222	0x2220xa5f	0
0xa5f0x971	0x9710xa5f	0
0xa5c0x222	0x2220xa5c	0
0xa5c0x971	0x9710xa5c	0
0xa5a0x222	0x2220xa5a	0
0xa5a0x971	0x9710xa5a	0
0xa590x222	0x2220xa59	0
0xa590x971	0x9710xa59	0
0xa570x222	0x2220xa57	0
0xa570x971	0x9710xa57	0
0xa530x222	0x2220xa53	0
0xa530x971	0x9710xa53	0
0xa4f0x222	0x2220xa4f	0
0xa4f0x971	0x9710xa4f	0
0xa4d0x222	0x2220xa4d	0
0xa4d0x971	0x9710xa4d	0
0xa4c0x222	0x2220xa4c	0
0xa4c0x971	0x9710xa4c	0
0xa480x222	0x2220xa48	0
0xa480x971	0x9710xa48	0
0xa450x222	0x2220xa45	0
0xa450x971	0x9710xa45	0
0xa420x222	0x2220xa42	0
0xa420x971	0x9710xa42	0
0xa210x222	0x2220xa21	0
0xa210x971	0x9710xa21	0
0xa1f0x222	0x2220xa1f	0
0xa1f0x971	0x9710xa1f	0
0xa1c0x222	0x2220xa1c	0
0xa1c0x971	0x9710xa1c	0
0xa1a0x222	0x2220xa1a	0
0xa1a0x971	0x9710xa1a	0
0xa180x222	0x2220xa18	0
0xa180x971	0x9710xa18	0
0xa150x222	0x2220xa15	0
0xa150x971	0x9710xa15	0
0xa130x222	0x2220xa13	0
0xa130x971	0x9710xa13	0
0x9f00x222	0x2220x9f0	0
0x9f00x971	0x9710x9f0	0
0x9ef0x222	0x2220x9ef	0
0x9ef0x971	0x9710x9ef	0
0x9ec0x222	0x2220x9ec	0
0x9ec0x971	0x9710x9ec	0
0x9e70x222	0x2220x9e7	0
0x9e70x971	0x9710x9e7	0
0x9e50x222	0x2220x9e5	0
0x9e50x971	0x9710x9e5	0
0x9e30x222	0x2220x9e3	0
0x9e30x971	0x9710x9e3	0
0x9df0x222	0x2220x9df	0
0x9df0x971	0x9710x9df	0
0x9dd0x222	0x2220x9dd	0
0x9dd0x971	0x9710x9dd	0
0x9dc0x222	0x2220x9dc	0
0x9dc0x971	0x9710x9dc	0
0x9d80x222	0x2220x9d8	0
0x9d80x971	0x9710x9d8	0
0x9d50x222	0x2220x9d5	0
0x9d50x971	0x9710x9d5	0
0x9d20x222	0x2220x9d2	0
0x9d20x971	0x9710x9d2	0
0x9b10x222	0x2220x9b1	0
0x9b10x971	0x9710x9b1	0
0x9af0x222	0x2220x9af	0
0x9af0x971	0x9710x9af	0
0x9ac0x222	0x2220x9ac	0
0x9ac0x971	0x9710x9ac	0
0x9aa0x222	0x2220x9aa	0
0x9aa0x971	0x9710x9aa	0
0x9a80x222	0x2220x9a8	0
0x9a80x971	0x9710x9a8	0
0x9a50x222	0x2220x9a5	0
0x9a50x971	0x9710x9a5	0
0x9a30x222	0x2220x9a3	0
0x9a30x971	0x9710x9a3	0
0x9800x222	0x2220x980	0
0x9800x971	0x9710x980	0
0x97f0x222	0x2220x97f	0
0x97f0x971	0x9710x97f	0
0x97c0x222	0x2220x97c	0
0x97c0x971	0x9710x97c	0
0x9770x222	0x2220x977	0
0x9760x222	0x2220x976	0
0x9720x222	0x2220x972	0
0x1ec3S0x8b9	0x1ec3V0x8b9	0
0x1ec3S0xaca	0x1ec3V0xaca	0
0x1ec3S0xd79	0x1ec3V0xd79	0
0x1ec3S0x112b	0x1ec3V0x112b	0
0x1ec3S0x12ab	0x1ec3V0x12ab	0
0x1ec3S0x142b	0x1ec3V0x142b	0
0x1ec3S0x1c6e	0x1ec3V0x1c6e	0
0x1ec3S0x1d37	0x1ec3V0x1d37	0
0x1f72S0xce8	0x1f72V0xce8	0
0x1f75S0xce8	0x1f75V0xce8	0
0x1f76S0xce8	0x1f76V0xce8	0
0x1f8cS0xce8	0x1f8cV0xce8	0
0x1f8dS0xce8	0x1f8dV0xce8	0
0x1f90S0xce8	0x1f90V0xce8	0
0x1f92S0xce8	0x1f92V0xce8	0
0x1f96S0xce8	0x1f96V0xce8	0
0x1f9bS0xce8	0x1f9bV0xce8	0
0x1f9eS0xce8	0x1f9eV0xce8	0
0x1fa1S0xce8	0x1fa1V0xce8	0
0x1fa4S0xce8	0x1fa4V0xce8	0
0x1fa8S0xce8	0x1fa8V0xce8	0
0x1facS0xce8	0x1facV0xce8	0
0x1fafS0xce8	0x1fafV0xce8	0
0x1fb1S0xce8	0x1fb1V0xce8	0
0x1fb2S0xce8	0x1fb2V0xce8	0
0x1fcfS0xce8	0x1fcfV0xce8	0
0x1fd0S0xce8	0x1fd0V0xce8	0
0x1ff1S0xce8	0x1ff1V0xce8	0
0x1ff4S0xce8	0x1ff4V0xce8	0
0x1ffaS0xce8	0x1ffaV0xce8	0
0x1ec3S0xfcf	0x1ec3V0xfcf	0
0x1ec3S0x104d	0x1ec3V0x104d	0
0x1edd0x1552S0x1058	0x15520x1eddV0x1058	0
0x1ed50x1552_0x0S0x1058	0x1ed50x1552_0x0V0x1058	0
0x1edc0x1552S0x1058	0x15520x1edcV0x1058	0
0x1eda0x1552S0x1058	0x15520x1edaV0x1058	0
0x1ed50x1552S0x1058	0x15520x1ed5V0x1058	0
0x16300x1552S0x1058	0x15520x1630V0x1058	0
0x162e0x1552S0x1058	0x15520x162eV0x1058	0
0x162d0x1552S0x1058	0x15520x162dV0x1058	0
0x16290x1552S0x1058	0x15520x1629V0x1058	0
0x16260x1552S0x1058	0x15520x1626V0x1058	0
0x16230x1552S0x1058	0x15520x1623V0x1058	0
0x16020x1552S0x1058	0x15520x1602V0x1058	0
0x16000x1552S0x1058	0x15520x1600V0x1058	0
0x15fd0x1552S0x1058	0x15520x15fdV0x1058	0
0x15fb0x1552S0x1058	0x15520x15fbV0x1058	0
0x15f90x1552S0x1058	0x15520x15f9V0x1058	0
0x15f60x1552S0x1058	0x15520x15f6V0x1058	0
0x15f40x1552S0x1058	0x15520x15f4V0x1058	0
0x15d10x1552S0x1058	0x15520x15d1V0x1058	0
0x15d00x1552S0x1058	0x15520x15d0V0x1058	0
0x15cd0x1552S0x1058	0x15520x15cdV0x1058	0
0x15c00x1552S0x1058	0x15520x15c0V0x1058	0
0x15be0x1552S0x1058	0x15520x15beV0x1058	0
0x15bd0x1552S0x1058	0x15520x15bdV0x1058	0
0x15b90x1552S0x1058	0x15520x15b9V0x1058	0
0x15b60x1552S0x1058	0x15520x15b6V0x1058	0
0x15b30x1552S0x1058	0x15520x15b3V0x1058	0
0x15920x1552S0x1058	0x15520x1592V0x1058	0
0x15900x1552S0x1058	0x15520x1590V0x1058	0
0x158d0x1552S0x1058	0x15520x158dV0x1058	0
0x158b0x1552S0x1058	0x15520x158bV0x1058	0
0x15890x1552S0x1058	0x15520x1589V0x1058	0
0x15860x1552S0x1058	0x15520x1586V0x1058	0
0x15840x1552S0x1058	0x15520x1584V0x1058	0
0x15610x1552S0x1058	0x15520x1561V0x1058	0
0x15600x1552S0x1058	0x15520x1560V0x1058	0
0x155d0x1552S0x1058	0x15520x155dV0x1058	0
0x1553S0x1058	0x1553V0x1058	0
0x1557S0x1058	0x1557V0x1058	0
0x1558S0x1058	0x1558V0x1058	0
0x1559S0x1058	0x1559V0x1058	0
0xabc0x1552S0x1058	0x15520xabcV0x1058	0
0xaba0x1552S0x1058	0x15520xabaV0x1058	0
0xab90x1552S0x1058	0x15520xab9V0x1058	0
0xab80x1552S0x1058	0x15520xab8V0x1058	0
0xab60x1552S0x1058	0x15520xab6V0x1058	0
0xab40x1552S0x1058	0x15520xab4V0x1058	0
0xab10x1552S0x1058	0x15520xab1V0x1058	0
0x15c90x1552S0x1058	0x15520x15c9V0x1058	0
0x15c80x1552S0x1058	0x15520x15c8V0x1058	0
0x15c60x1552S0x1058	0x15520x15c6V0x1058	0
0x15c40x1552S0x1058	0x15520x15c4V0x1058	0
0x168b0x1552S0x1058	0x15520x168bV0x1058	0
0x16800x1552S0x1058	0x15520x1680V0x1058	0
0x168a0x1552S0x1058	0x15520x168aV0x1058	0
0x16880x1552S0x1058	0x15520x1688V0x1058	0
0x16840x1552S0x1058	0x15520x1684V0x1058	0
0x167d0x1552S0x1058	0x15520x167dV0x1058	0
0x167c0x1552S0x1058	0x15520x167cV0x1058	0
0x167a0x1552S0x1058	0x15520x167aV0x1058	0
0x16780x1552S0x1058	0x15520x1678V0x1058	0
0x16740x1552S0x1058	0x15520x1674V0x1058	0
0x16700x1552S0x1058	0x15520x1670V0x1058	0
0x166f0x1552S0x1058	0x15520x166fV0x1058	0
0x166b0x1552S0x1058	0x15520x166bV0x1058	0
0x166a0x1552S0x1058	0x15520x166aV0x1058	0
0x16680x1552S0x1058	0x15520x1668V0x1058	0
0x16630x1552S0x1058	0x15520x1663V0x1058	0
0x16610x1552S0x1058	0x15520x1661V0x1058	0
0x165d0x1552S0x1058	0x15520x165dV0x1058	0
0x165b0x1552S0x1058	0x15520x165bV0x1058	0
0x16580x1552S0x1058	0x15520x1658V0x1058	0
0x16560x1552S0x1058	0x15520x1656V0x1058	0
0x16550x1552S0x1058	0x15520x1655V0x1058	0
0x16400x1552S0x1058	0x15520x1640V0x1058	0
0x163d0x1552S0x1058	0x15520x163dV0x1058	0
0x163b0x1552S0x1058	0x15520x163bV0x1058	0
0x163a0x1552S0x1058	0x15520x163aV0x1058	0
0x16380x1552S0x1058	0x15520x1638V0x1058	0
0x16340x1552S0x1058	0x15520x1634V0x1058	0
0x1ec70x1552S0x1058	0x15520x1ec7V0x1058	0
0x1ed10x1552S0x1058	0x15520x1ed1V0x1058	0
0x1ecb0x1552_0x0S0x1058	0x1ecb0x1552_0x0V0x1058	0
0x1ed00x1552S0x1058	0x15520x1ed0V0x1058	0
0x1ecf0x1552S0x1058	0x15520x1ecfV0x1058	0
0x1ecd0x1552S0x1058	0x15520x1ecdV0x1058	0
0x1ef00x1552S0x1058	0x15520x1ef0V0x1058	0
0x1ee20x1552_0x0S0x1058	0x1ee20x1552_0x0V0x1058	0
0x1ee20x1552_0x4S0x1058	0x1ee20x1552_0x4V0x1058	0
0x1eef0x1552S0x1058	0x15520x1eefV0x1058	0
0x1eea0x1552S0x1058	0x15520x1eeaV0x1058	0
0x1ee90x1552S0x1058	0x15520x1ee9V0x1058	0
0x1ee80x1552S0x1058	0x15520x1ee8V0x1058	0
0x1ee60x1552S0x1058	0x15520x1ee6V0x1058	0
0x1ee50x1552S0x1058	0x15520x1ee5V0x1058	0
0x1ee30x1552S0x1058	0x15520x1ee3V0x1058	0
0x1f250x1552S0x1058	0x15520x1f25V0x1058	0
0x1ef40x1552_0x2S0x1058	0x1ef40x1552_0x2V0x1058	0
0x1f220x1552S0x1058	0x15520x1f22V0x1058	0
0x1f210x1552S0x1058	0x15520x1f21V0x1058	0
0x1f1f0x1552S0x1058	0x15520x1f1fV0x1058	0
0x1f1d0x1552S0x1058	0x15520x1f1dV0x1058	0
0x1f190x1552S0x1058	0x15520x1f19V0x1058	0
0x1f150x1552S0x1058	0x15520x1f15V0x1058	0
0x1f140x1552S0x1058	0x15520x1f14V0x1058	0
0x1f100x1552S0x1058	0x15520x1f10V0x1058	0
0x1f0f0x1552S0x1058	0x15520x1f0fV0x1058	0
0x1f0d0x1552S0x1058	0x15520x1f0dV0x1058	0
0x1f080x1552S0x1058	0x15520x1f08V0x1058	0
0x1f060x1552S0x1058	0x15520x1f06V0x1058	0
0x1f020x1552S0x1058	0x15520x1f02V0x1058	0
0x1f000x1552S0x1058	0x15520x1f00V0x1058	0
0x1efb0x1552S0x1058	0x15520x1efbV0x1058	0
0x1ef90x1552S0x1058	0x15520x1ef9V0x1058	0
0x1ef80x1552S0x1058	0x15520x1ef8V0x1058	0
0x1ef60x1552S0x1058	0x15520x1ef6V0x1058	0
0x1f290x1552_0x2S0x1058	0x1f290x1552_0x2V0x1058	0
0x1f580x1552S0x1058	0x15520x1f58V0x1058	0
0x1f570x1552S0x1058	0x15520x1f57V0x1058	0
0x1f550x1552S0x1058	0x15520x1f55V0x1058	0
0x1f530x1552S0x1058	0x15520x1f53V0x1058	0
0x1f4f0x1552S0x1058	0x15520x1f4fV0x1058	0
0x1f4b0x1552S0x1058	0x15520x1f4bV0x1058	0
0x1f4a0x1552S0x1058	0x15520x1f4aV0x1058	0
0x1f460x1552S0x1058	0x15520x1f46V0x1058	0
0x1f450x1552S0x1058	0x15520x1f45V0x1058	0
0x1f430x1552S0x1058	0x15520x1f43V0x1058	0
0x1f3e0x1552S0x1058	0x15520x1f3eV0x1058	0
0x1f3c0x1552S0x1058	0x15520x1f3cV0x1058	0
0x1f380x1552S0x1058	0x15520x1f38V0x1058	0
0x1f360x1552S0x1058	0x15520x1f36V0x1058	0
0x1f310x1552S0x1058	0x15520x1f31V0x1058	0
0x1f2f0x1552S0x1058	0x15520x1f2fV0x1058	0
0x1f2e0x1552S0x1058	0x15520x1f2eV0x1058	0
0x1f2c0x1552S0x1058	0x15520x1f2cV0x1058	0
0x1f600x1552S0x1058	0x15520x1f60V0x1058	0
0x1f5b0x1552_0x1S0x1058	0x1f5b0x1552_0x1V0x1058	0
0x1f5f0x1552S0x1058	0x15520x1f5fV0x1058	0
0x1f5d0x1552S0x1058	0x15520x1f5dV0x1058	0
0x1f640x1552_0x1S0x1058	0x1f640x1552_0x1V0x1058	0
0x1f670x1552S0x1058	0x15520x1f67V0x1058	0
0x268eS0x10cb	0x268eV0x10cb	0
0x2690S0x10cb	0x2690V0x10cb	0
0x2691S0x10cb	0x2691V0x10cb	0
0x26b4S0x10cb	0x26b4V0x10cb	0
0x26b6S0x10cb	0x26b6V0x10cb	0
0x26b9S0x10cb	0x26b9V0x10cb	0
0x26bbS0x10cb	0x26bbV0x10cb	0
0x26beS0x10cb	0x26beV0x10cb	0
0x26c4S0x10cb	0x26c4V0x10cb	0
0x26c7S0x10cb	0x26c7V0x10cb	0
0x26c9S0x10cb	0x26c9V0x10cb	0
0x26cdS0x10cb	0x26cdV0x10cb	0
0x26cfS0x10cb	0x26cfV0x10cb	0
0x26d1S0x10cb	0x26d1V0x10cb	0
0x26d6S0x10cb	0x26d6V0x10cb	0
0x2004S0x10cb	0x2004V0x10cb	0
0x2006S0x10cb	0x2006V0x10cb	0
0x200bS0x10cb	0x200bV0x10cb	0
0x200dS0x10cb	0x200dV0x10cb	0
0x200fS0x10cb	0x200fV0x10cb	0
0x2011S0x10cb	0x2011V0x10cb	0
0x2012S0x10cb	0x2012V0x10cb	0
0x2016S0x10cb	0x2016V0x10cb	0
0x201aS0x10cb	0x201aV0x10cb	0
0x201cS0x10cb	0x201cV0x10cb	0
0x201dS0x10cb	0x201dV0x10cb	0
0x2041S0x10cb	0x2041V0x10cb	0
0x2683S0x10cb	0x2683V0x10cb	0
0x2688S0x10cb	0x2688V0x10cb	0
0x2689S0x10cb	0x2689V0x10cb	0
0x268aS0x10cb	0x268aV0x10cb	0
0x2730S0x10cb	0x2730V0x10cb	0
0x26dd0x2003S0x10cb	0x20030x26ddV0x10cb	0
0x26d80x2003_0x0S0x10cb	0x26d80x2003_0x0V0x10cb	0
0x26dc0x2003S0x10cb	0x20030x26dcV0x10cb	0
0x26db0x2003S0x10cb	0x20030x26dbV0x10cb	0
0x26ec0x2003S0x10cb	0x20030x26ecV0x10cb	0
0x26e10x2003_0x0S0x10cb	0x26e10x2003_0x0V0x10cb	0
0x26eb0x2003S0x10cb	0x20030x26ebV0x10cb	0
0x26e90x2003S0x10cb	0x20030x26e9V0x10cb	0
0x26e70x2003S0x10cb	0x20030x26e7V0x10cb	0
0x26e40x2003S0x10cb	0x20030x26e4V0x10cb	0
0x26e30x2003S0x10cb	0x20030x26e3V0x10cb	0
0x27000x2003S0x10cb	0x20030x2700V0x10cb	0
0x26ff0x2003S0x10cb	0x20030x26ffV0x10cb	0
0x26fd0x2003S0x10cb	0x20030x26fdV0x10cb	0
0x26fb0x2003S0x10cb	0x20030x26fbV0x10cb	0
0x26f90x2003S0x10cb	0x20030x26f9V0x10cb	0
0x271a0x2003S0x10cb	0x20030x271aV0x10cb	0
0x27180x2003S0x10cb	0x20030x2718V0x10cb	0
0x27150x2003S0x10cb	0x20030x2715V0x10cb	0
0x27140x2003S0x10cb	0x20030x2714V0x10cb	0
0x27130x2003S0x10cb	0x20030x2713V0x10cb	0
0x27120x2003S0x10cb	0x20030x2712V0x10cb	0
0x270f0x2003S0x10cb	0x20030x270fV0x10cb	0
0x270e0x2003S0x10cb	0x20030x270eV0x10cb	0
0x270c0x2003S0x10cb	0x20030x270cV0x10cb	0
0x27090x2003S0x10cb	0x20030x2709V0x10cb	0
0x27080x2003S0x10cb	0x20030x2708V0x10cb	0
0x27060x2003S0x10cb	0x20030x2706V0x10cb	0
0x271d0x2003_0x1S0x10cb	0x271d0x2003_0x1V0x10cb	0
0x27280x2003S0x10cb	0x20030x2728V0x10cb	0
0x27250x2003S0x10cb	0x20030x2725V0x10cb	0
0x27230x2003S0x10cb	0x20030x2723V0x10cb	0
0x1ec3S0x1864	0x1ec3V0x1864	0
0x1ec3S0x18e2	0x1ec3V0x18e2	0
0x23ecS0x18ed	0x23ecV0x18ed	0
0x23efS0x18ed	0x23efV0x18ed	0
0x23f0S0x18ed	0x23f0V0x18ed	0
0x2407S0x18ed	0x2407V0x18ed	0
0x2408S0x18ed	0x2408V0x18ed	0
0x240bS0x18ed	0x240bV0x18ed	0
0x240eS0x18ed	0x240eV0x18ed	0
0x240fS0x18ed	0x240fV0x18ed	0
0x2412S0x18ed	0x2412V0x18ed	0
0x2414S0x18ed	0x2414V0x18ed	0
0x2418S0x18ed	0x2418V0x18ed	0
0x241dS0x18ed	0x241dV0x18ed	0
0x2420S0x18ed	0x2420V0x18ed	0
0x2423S0x18ed	0x2423V0x18ed	0
0x2426S0x18ed	0x2426V0x18ed	0
0x242aS0x18ed	0x242aV0x18ed	0
0x242eS0x18ed	0x242eV0x18ed	0
0x2431S0x18ed	0x2431V0x18ed	0
0x2433S0x18ed	0x2433V0x18ed	0
0x2434S0x18ed	0x2434V0x18ed	0
0x2451S0x18ed	0x2451V0x18ed	0
0x2452S0x18ed	0x2452V0x18ed	0
0x2473S0x18ed	0x2473V0x18ed	0
0x2476S0x18ed	0x2476V0x18ed	0
0x247cS0x18ed	0x247cV0x18ed	0
0x2481S0x1937	0x2481V0x1937	0
0x2482S0x1937	0x2482V0x1937	0
0x2483S0x1937	0x2483V0x1937	0
0x2dd8S0x1235	0x2dd8V0x1235	0
0x2dd9S0x1235	0x2dd9V0x1235	0
0x2ddeS0x1235	0x2ddeV0x1235	0
0x2de1S0x1235	0x2de1V0x1235	0
0x2de3S0x1235	0x2de3V0x1235	0
0x2de5S0x1235	0x2de5V0x1235	0
0x2de8S0x1235	0x2de8V0x1235	0
0x2deaS0x1235	0x2deaV0x1235	0
0x2defS0x1235	0x2defV0x1235	0
0x2e48S0x2dd5S0x1235	0x2e48V0x2dd5V0x1235	0
0x2e4cS0x2dd5S0x1235	0x2e4cV0x2dd5V0x1235	0
0x2e4eS0x2dd5S0x1235	0x2e4eV0x2dd5V0x1235	0
0x2e4fS0x2dd5S0x1235	0x2e4fV0x2dd5V0x1235	0
0x2e48_0x0S0x2dd5S0x1235	0x2e48_0x0V0x2dd5V0x1235	0
0x2e42S0x2dd5S0x1235	0x2e42V0x2dd5V0x1235	0
0x2e43S0x2dd5S0x1235	0x2e43V0x2dd5V0x1235	0
0x2e44S0x2dd5S0x1235	0x2e44V0x2dd5V0x1235	0
0x2e3f_0x0S0x2dd5S0x1235	0x2e3f_0x0V0x2dd5V0x1235	0
0x2dd8S0x13b5	0x2dd8V0x13b5	0
0x2dd9S0x13b5	0x2dd9V0x13b5	0
0x2ddeS0x13b5	0x2ddeV0x13b5	0
0x2de1S0x13b5	0x2de1V0x13b5	0
0x2de3S0x13b5	0x2de3V0x13b5	0
0x2de5S0x13b5	0x2de5V0x13b5	0
0x2de8S0x13b5	0x2de8V0x13b5	0
0x2deaS0x13b5	0x2deaV0x13b5	0
0x2defS0x13b5	0x2defV0x13b5	0
0x2e48S0x2dd5S0x13b5	0x2e48V0x2dd5V0x13b5	0
0x2e4cS0x2dd5S0x13b5	0x2e4cV0x2dd5V0x13b5	0
0x2e4eS0x2dd5S0x13b5	0x2e4eV0x2dd5V0x13b5	0
0x2e4fS0x2dd5S0x13b5	0x2e4fV0x2dd5V0x13b5	0
0x2e48_0x0S0x2dd5S0x13b5	0x2e48_0x0V0x2dd5V0x13b5	0
0x2e42S0x2dd5S0x13b5	0x2e42V0x2dd5V0x13b5	0
0x2e43S0x2dd5S0x13b5	0x2e43V0x2dd5V0x13b5	0
0x2e44S0x2dd5S0x13b5	0x2e44V0x2dd5V0x13b5	0
0x2e3f_0x0S0x2dd5S0x13b5	0x2e3f_0x0V0x2dd5V0x13b5	0
0x20d5S0x10d7	0x20d5V0x10d7	0
0x20d8S0x10d7	0x20d8V0x10d7	0
0x20d9S0x10d7	0x20d9V0x10d7	0
0x20fcS0x10d7	0x20fcV0x10d7	0
0x20feS0x10d7	0x20feV0x10d7	0
0x2101S0x10d7	0x2101V0x10d7	0
0x2103S0x10d7	0x2103V0x10d7	0
0x2105S0x10d7	0x2105V0x10d7	0
0x2108S0x10d7	0x2108V0x10d7	0
0x210aS0x10d7	0x210aV0x10d7	0
0x212bS0x10d7	0x212bV0x10d7	0
0x212eS0x10d7	0x212eV0x10d7	0
0x2131S0x10d7	0x2131V0x10d7	0
0x2135S0x10d7	0x2135V0x10d7	0
0x2136S0x10d7	0x2136V0x10d7	0
0x2138S0x10d7	0x2138V0x10d7	0
0x2151S0x10d7	0x2151V0x10d7	0
0x2154S0x10d7	0x2154V0x10d7	0
0x2155S0x10d7	0x2155V0x10d7	0
0x2178S0x10d7	0x2178V0x10d7	0
0x217aS0x10d7	0x217aV0x10d7	0
0x217dS0x10d7	0x217dV0x10d7	0
0x217fS0x10d7	0x217fV0x10d7	0
0x2181S0x10d7	0x2181V0x10d7	0
0x2184S0x10d7	0x2184V0x10d7	0
0x2186S0x10d7	0x2186V0x10d7	0
0x21a7S0x10d7	0x21a7V0x10d7	0
0x21aaS0x10d7	0x21aaV0x10d7	0
0x21adS0x10d7	0x21adV0x10d7	0
0x21b1S0x10d7	0x21b1V0x10d7	0
0x21b2S0x10d7	0x21b2V0x10d7	0
0x21b4S0x10d7	0x21b4V0x10d7	0
0x22c2S0x10d7	0x22c2V0x10d7	0
0x22d1S0x10d7	0x22d1V0x10d7	0
0x22d2S0x10d7	0x22d2V0x10d7	0
0x22d6S0x10d7	0x22d6V0x10d7	0
0x22d7S0x10d7	0x22d7V0x10d7	0
0x2356S0x10d7	0x2356V0x10d7	0
0x2365S0x10d7	0x2365V0x10d7	0
0x2366S0x10d7	0x2366V0x10d7	0
0x236aS0x10d7	0x236aV0x10d7	0
0x236bS0x10d7	0x236bV0x10d7	0
0x2380S0x10d7	0x2380V0x10d7	0
0x2741S0x10d7	0x2741V0x10d7	0
0x2744S0x10d7	0x2744V0x10d7	0
0x2745S0x10d7	0x2745V0x10d7	0
0x2768S0x10d7	0x2768V0x10d7	0
0x276aS0x10d7	0x276aV0x10d7	0
0x276dS0x10d7	0x276dV0x10d7	0
0x276fS0x10d7	0x276fV0x10d7	0
0x2771S0x10d7	0x2771V0x10d7	0
0x2774S0x10d7	0x2774V0x10d7	0
0x2776S0x10d7	0x2776V0x10d7	0
0x2797S0x10d7	0x2797V0x10d7	0
0x279aS0x10d7	0x279aV0x10d7	0
0x279dS0x10d7	0x279dV0x10d7	0
0x27a1S0x10d7	0x27a1V0x10d7	0
0x27a2S0x10d7	0x27a2V0x10d7	0
0x27a4S0x10d7	0x27a4V0x10d7	0
0x204fS0x10d7	0x204fV0x10d7	0
0x2051S0x10d7	0x2051V0x10d7	0
0x2055S0x10d7	0x2055V0x10d7	0
0x2057S0x10d7	0x2057V0x10d7	0
0x2059S0x10d7	0x2059V0x10d7	0
0x205cS0x10d7	0x205cV0x10d7	0
0x20cfS0x10d7	0x20cfV0x10d7	0
0x20d0S0x10d7	0x20d0V0x10d7	0
0x20d1S0x10d7	0x20d1V0x10d7	0
0x2061S0x10d7	0x2061V0x10d7	0
0x2076S0x10d7	0x2076V0x10d7	0
0x2077S0x10d7	0x2077V0x10d7	0
0x208cS0x10d7	0x208cV0x10d7	0
0x208fS0x10d7	0x208fV0x10d7	0
0x2091S0x10d7	0x2091V0x10d7	0
0x2095S0x10d7	0x2095V0x10d7	0
0x2097S0x10d7	0x2097V0x10d7	0
0x2098S0x10d7	0x2098V0x10d7	0
0x209aS0x10d7	0x209aV0x10d7	0
0x209cS0x10d7	0x209cV0x10d7	0
0x209fS0x10d7	0x209fV0x10d7	0
0x20a0S0x10d7	0x20a0V0x10d7	0
0x20a1S0x10d7	0x20a1V0x10d7	0
0x20a7S0x10d7	0x20a7V0x10d7	0
0x20b8S0x10d7	0x20b8V0x10d7	0
0x20b9S0x10d7	0x20b9V0x10d7	0
0x20bcS0x10d7	0x20bcV0x10d7	0
0x20bdS0x10d7	0x20bdV0x10d7	0
0x20c3S0x10d7	0x20c3V0x10d7	0
0x20c4S0x10d7	0x20c4V0x10d7	0
0x20c6S0x10d7	0x20c6V0x10d7	0
0x2734S0x10d7	0x2734V0x10d7	0
0x2738S0x10d7	0x2738V0x10d7	0
0x273bS0x10d7	0x273bV0x10d7	0
0x273cS0x10d7	0x273cV0x10d7	0
0x273dS0x10d7	0x273dV0x10d7	0
0x213dS0x10d7	0x213dV0x10d7	0
0x213fS0x10d7	0x213fV0x10d7	0
0x2141S0x10d7	0x2141V0x10d7	0
0x214dS0x10d7	0x214dV0x10d7	0
0x214c_0x0S0x10d7	0x214c_0x0V0x10d7	0
0x21b8S0x10d7	0x21b8V0x10d7	0
0x21baS0x10d7	0x21baV0x10d7	0
0x21bdS0x10d7	0x21bdV0x10d7	0
0x21bfS0x10d7	0x21bfV0x10d7	0
0x21c0S0x10d7	0x21c0V0x10d7	0
0x21c3S0x10d7	0x21c3V0x10d7	0
0x21c5S0x10d7	0x21c5V0x10d7	0
0x21c7S0x10d7	0x21c7V0x10d7	0
0x21cdS0x10d7	0x21cdV0x10d7	0
0x21d2S0x10d7	0x21d2V0x10d7	0
0x21deS0x10d7	0x21deV0x10d7	0
0x21e0S0x10d7	0x21e0V0x10d7	0
0x21e2S0x10d7	0x21e2V0x10d7	0
0x21e5S0x10d7	0x21e5V0x10d7	0
0x21d6S0x10d7	0x21d6V0x10d7	0
0x21eaS0x10d7	0x21eaV0x10d7	0
0x21ffS0x10d7	0x21ffV0x10d7	0
0x2200S0x10d7	0x2200V0x10d7	0
0x2215S0x10d7	0x2215V0x10d7	0
0x2218S0x10d7	0x2218V0x10d7	0
0x221aS0x10d7	0x221aV0x10d7	0
0x221eS0x10d7	0x221eV0x10d7	0
0x2220S0x10d7	0x2220V0x10d7	0
0x2221S0x10d7	0x2221V0x10d7	0
0x2223S0x10d7	0x2223V0x10d7	0
0x2225S0x10d7	0x2225V0x10d7	0
0x2228S0x10d7	0x2228V0x10d7	0
0x2229S0x10d7	0x2229V0x10d7	0
0x222aS0x10d7	0x222aV0x10d7	0
0x2230S0x10d7	0x2230V0x10d7	0
0x2241S0x10d7	0x2241V0x10d7	0
0x2242S0x10d7	0x2242V0x10d7	0
0x2245S0x10d7	0x2245V0x10d7	0
0x2246S0x10d7	0x2246V0x10d7	0
0x224cS0x10d7	0x224cV0x10d7	0
0x224eS0x10d7	0x224eV0x10d7	0
0x2250S0x10d7	0x2250V0x10d7	0
0x2251S0x10d7	0x2251V0x10d7	0
0x2254S0x10d7	0x2254V0x10d7	0
0x2255S0x10d7	0x2255V0x10d7	0
0x2278S0x10d7	0x2278V0x10d7	0
0x2279S0x10d7	0x2279V0x10d7	0
0x227cS0x10d7	0x227cV0x10d7	0
0x227eS0x10d7	0x227eV0x10d7	0
0x2281S0x10d7	0x2281V0x10d7	0
0x2286S0x10d7	0x2286V0x10d7	0
0x2287S0x10d7	0x2287V0x10d7	0
0x229eS0x10d7	0x229eV0x10d7	0
0x22a0S0x10d7	0x22a0V0x10d7	0
0x22a6S0x10d7	0x22a6V0x10d7	0
0x22aaS0x10d7	0x22aaV0x10d7	0
0x22acS0x10d7	0x22acV0x10d7	0
0x22b4S0x10d7	0x22b4V0x10d7	0
0x22b5S0x10d7	0x22b5V0x10d7	0
0x22baS0x10d7	0x22baV0x10d7	0
0x22bbS0x10d7	0x22bbV0x10d7	0
0x22bdS0x10d7	0x22bdV0x10d7	0
0x22beS0x10d7	0x22beV0x10d7	0
0x22c8S0x10d7	0x22c8V0x10d7	0
0x22c9S0x10d7	0x22c9V0x10d7	0
0x22caS0x10d7	0x22caV0x10d7	0
0x22ccS0x10d7	0x22ccV0x10d7	0
0x22cdS0x10d7	0x22cdV0x10d7	0
0x22ddS0x10d7	0x22ddV0x10d7	0
0x22dfS0x10d7	0x22dfV0x10d7	0
0x22e0S0x10d7	0x22e0V0x10d7	0
0x22f5S0x10d7	0x22f5V0x10d7	0
0x22f8S0x10d7	0x22f8V0x10d7	0
0x22ffS0x10d7	0x22ffV0x10d7	0
0x2302S0x10d7	0x2302V0x10d7	0
0x2308S0x10d7	0x2308V0x10d7	0
0x230aS0x10d7	0x230aV0x10d7	0
0x230cS0x10d7	0x230cV0x10d7	0
0x2311S0x10d7	0x2311V0x10d7	0
0x2312S0x10d7	0x2312V0x10d7	0
0x2314S0x10d7	0x2314V0x10d7	0
0x2317S0x10d7	0x2317V0x10d7	0
0x2319S0x10d7	0x2319V0x10d7	0
0x231cS0x10d7	0x231cV0x10d7	0
0x2331S0x10d7	0x2331V0x10d7	0
0x2334S0x10d7	0x2334V0x10d7	0
0x2336S0x10d7	0x2336V0x10d7	0
0x233aS0x10d7	0x233aV0x10d7	0
0x233cS0x10d7	0x233cV0x10d7	0
0x2341S0x10d7	0x2341V0x10d7	0
0x2343S0x10d7	0x2343V0x10d7	0
0x2345S0x10d7	0x2345V0x10d7	0
0x2348S0x10d7	0x2348V0x10d7	0
0x234aS0x10d7	0x234aV0x10d7	0
0x234eS0x10d7	0x234eV0x10d7	0
0x234fS0x10d7	0x234fV0x10d7	0
0x2351S0x10d7	0x2351V0x10d7	0
0x2352S0x10d7	0x2352V0x10d7	0
0x235cS0x10d7	0x235cV0x10d7	0
0x235dS0x10d7	0x235dV0x10d7	0
0x235eS0x10d7	0x235eV0x10d7	0
0x2360S0x10d7	0x2360V0x10d7	0
0x2361S0x10d7	0x2361V0x10d7	0
0x2373S0x10d7	0x2373V0x10d7	0
0x2375S0x10d7	0x2375V0x10d7	0
0x2376S0x10d7	0x2376V0x10d7	0
0x2377S0x10d7	0x2377V0x10d7	0
0x237aS0x10d7	0x237aV0x10d7	0
0x237bS0x10d7	0x237bV0x10d7	0
0x237cS0x10d7	0x237cV0x10d7	0
0x2386S0x10d7	0x2386V0x10d7	0
0x238bS0x10d7	0x238bV0x10d7	0
0x2390S0x10d7	0x2390V0x10d7	0
0x23a5S0x10d7	0x23a5V0x10d7	0
0x23a6S0x10d7	0x23a6V0x10d7	0
0x23c9S0x10d7	0x23c9V0x10d7	0
0x23cbS0x10d7	0x23cbV0x10d7	0
0x23d0S0x10d7	0x23d0V0x10d7	0
0x23d2S0x10d7	0x23d2V0x10d7	0
0x23d6S0x10d7	0x23d6V0x10d7	0
0x23d8S0x10d7	0x23d8V0x10d7	0
0x23ddS0x10d7	0x23ddV0x10d7	0
0x23dfS0x10d7	0x23dfV0x10d7	0
0x23e2S0x10d7	0x23e2V0x10d7	0
0x2146S0x10d7	0x2146V0x10d7	0
0x2148S0x10d7	0x2148V0x10d7	0
0x214aS0x10d7	0x214aV0x10d7	0
0x214bS0x10d7	0x214bV0x10d7	0
0x1ec3S0x204eS0x10d7	0x1ec3V0x204eV0x10d7	0
0x27caS0x21b7S0x10d7	0x27caV0x21b7V0x10d7	0
0x27ccS0x21b7S0x10d7	0x27ccV0x21b7V0x10d7	0
0x27cdS0x21b7S0x10d7	0x27cdV0x21b7V0x10d7	0
0x27f0S0x21b7S0x10d7	0x27f0V0x21b7V0x10d7	0
0x27f2S0x21b7S0x10d7	0x27f2V0x21b7V0x10d7	0
0x27f5S0x21b7S0x10d7	0x27f5V0x21b7V0x10d7	0
0x27f7S0x21b7S0x10d7	0x27f7V0x21b7V0x10d7	0
0x27faS0x21b7S0x10d7	0x27faV0x21b7V0x10d7	0
0x27fdS0x21b7S0x10d7	0x27fdV0x21b7V0x10d7	0
0x2801S0x21b7S0x10d7	0x2801V0x21b7V0x10d7	0
0x2803S0x21b7S0x10d7	0x2803V0x21b7V0x10d7	0
0x2805S0x21b7S0x10d7	0x2805V0x21b7V0x10d7	0
0x2808S0x21b7S0x10d7	0x2808V0x21b7V0x10d7	0
0x280cS0x21b7S0x10d7	0x280cV0x21b7V0x10d7	0
0x280eS0x21b7S0x10d7	0x280eV0x21b7V0x10d7	0
0x2812S0x21b7S0x10d7	0x2812V0x21b7V0x10d7	0
0x2814S0x21b7S0x10d7	0x2814V0x21b7V0x10d7	0
0x2817S0x21b7S0x10d7	0x2817V0x21b7V0x10d7	0
0x27a8S0x21b7S0x10d7	0x27a8V0x21b7V0x10d7	0
0x27abS0x21b7S0x10d7	0x27abV0x21b7V0x10d7	0
0x27b9S0x21b7S0x10d7	0x27b9V0x21b7V0x10d7	0
0x27beS0x21b7S0x10d7	0x27beV0x21b7V0x10d7	0
0x27c4S0x21b7S0x10d7	0x27c4V0x21b7V0x10d7	0
0x27c5S0x21b7S0x10d7	0x27c5V0x21b7V0x10d7	0
0x27c6S0x21b7S0x10d7	0x27c6V0x21b7V0x10d7	0
0x27b0S0x21b7S0x10d7	0x27b0V0x21b7V0x10d7	0
0x27b2S0x21b7S0x10d7	0x27b2V0x21b7V0x10d7	0
0x20480x27a7_0x0S0x21b7S0x10d7	0x20480x27a7_0x0V0x21b7V0x10d7	0
0x1ec3S0x21daS0x10d7	0x1ec3V0x21daV0x10d7	0
0x2b1eS0x21d4S0x10d7	0x2b1eV0x21d4V0x10d7	0
0x2b20S0x21d4S0x10d7	0x2b20V0x21d4V0x10d7	0
0x2b21S0x21d4S0x10d7	0x2b21V0x21d4V0x10d7	0
0x2b44S0x21d4S0x10d7	0x2b44V0x21d4V0x10d7	0
0x2b46S0x21d4S0x10d7	0x2b46V0x21d4V0x10d7	0
0x2b49S0x21d4S0x10d7	0x2b49V0x21d4V0x10d7	0
0x2b4eS0x21d4S0x10d7	0x2b4eV0x21d4V0x10d7	0
0x2b4fS0x21d4S0x10d7	0x2b4fV0x21d4V0x10d7	0
0x2b52S0x21d4S0x10d7	0x2b52V0x21d4V0x10d7	0
0x2b55S0x21d4S0x10d7	0x2b55V0x21d4V0x10d7	0
0x2b5aS0x21d4S0x10d7	0x2b5aV0x21d4V0x10d7	0
0x2b5eS0x21d4S0x10d7	0x2b5eV0x21d4V0x10d7	0
0x2b62S0x21d4S0x10d7	0x2b62V0x21d4V0x10d7	0
0x2b67S0x21d4S0x10d7	0x2b67V0x21d4V0x10d7	0
0x2b6aS0x21d4S0x10d7	0x2b6aV0x21d4V0x10d7	0
0x2b6bS0x21d4S0x10d7	0x2b6bV0x21d4V0x10d7	0
0x281bS0x21d4S0x10d7	0x281bV0x21d4V0x10d7	0
0x281dS0x21d4S0x10d7	0x281dV0x21d4V0x10d7	0
0x2822S0x21d4S0x10d7	0x2822V0x21d4V0x10d7	0
0x2824S0x21d4S0x10d7	0x2824V0x21d4V0x10d7	0
0x2826S0x21d4S0x10d7	0x2826V0x21d4V0x10d7	0
0x2828S0x21d4S0x10d7	0x2828V0x21d4V0x10d7	0
0x2829S0x21d4S0x10d7	0x2829V0x21d4V0x10d7	0
0x282dS0x21d4S0x10d7	0x282dV0x21d4V0x10d7	0
0x2831S0x21d4S0x10d7	0x2831V0x21d4V0x10d7	0
0x2833S0x21d4S0x10d7	0x2833V0x21d4V0x10d7	0
0x2834S0x21d4S0x10d7	0x2834V0x21d4V0x10d7	0
0x2858S0x21d4S0x10d7	0x2858V0x21d4V0x10d7	0
0x2b16S0x21d4S0x10d7	0x2b16V0x21d4V0x10d7	0
0x2b1aS0x21d4S0x10d7	0x2b1aV0x21d4V0x10d7	0
0x2b80S0x21d4S0x10d7	0x2b80V0x21d4V0x10d7	0
0x2b85S0x21d4S0x10d7	0x2b85V0x21d4V0x10d7	0
0x2b8bS0x21d4S0x10d7	0x2b8bV0x21d4V0x10d7	0
0x2b71S0x21d4S0x10d7	0x2b71V0x21d4V0x10d7	0
0x2b72S0x21d4S0x10d7	0x2b72V0x21d4V0x10d7	0
0x2b75S0x21d4S0x10d7	0x2b75V0x21d4V0x10d7	0
0x2b77S0x21d4S0x10d7	0x2b77V0x21d4V0x10d7	0
0x2b79S0x21d4S0x10d7	0x2b79V0x21d4V0x10d7	0
0x2b7aS0x21d4S0x10d7	0x2b7aV0x21d4V0x10d7	0
0x26dd0x281aS0x21d4S0x10d7	0x281a0x26ddV0x21d4V0x10d7	0
0x26d80x281a_0x0S0x21d4S0x10d7	0x26d80x281a_0x0V0x21d4V0x10d7	0
0x26dc0x281aS0x21d4S0x10d7	0x281a0x26dcV0x21d4V0x10d7	0
0x26db0x281aS0x21d4S0x10d7	0x281a0x26dbV0x21d4V0x10d7	0
0x26ec0x281aS0x21d4S0x10d7	0x281a0x26ecV0x21d4V0x10d7	0
0x26e10x281a_0x0S0x21d4S0x10d7	0x26e10x281a_0x0V0x21d4V0x10d7	0
0x26eb0x281aS0x21d4S0x10d7	0x281a0x26ebV0x21d4V0x10d7	0
0x26e90x281aS0x21d4S0x10d7	0x281a0x26e9V0x21d4V0x10d7	0
0x26e70x281aS0x21d4S0x10d7	0x281a0x26e7V0x21d4V0x10d7	0
0x26e40x281aS0x21d4S0x10d7	0x281a0x26e4V0x21d4V0x10d7	0
0x26e30x281aS0x21d4S0x10d7	0x281a0x26e3V0x21d4V0x10d7	0
0x27000x281aS0x21d4S0x10d7	0x281a0x2700V0x21d4V0x10d7	0
0x26ff0x281aS0x21d4S0x10d7	0x281a0x26ffV0x21d4V0x10d7	0
0x26fd0x281aS0x21d4S0x10d7	0x281a0x26fdV0x21d4V0x10d7	0
0x26fb0x281aS0x21d4S0x10d7	0x281a0x26fbV0x21d4V0x10d7	0
0x26f90x281aS0x21d4S0x10d7	0x281a0x26f9V0x21d4V0x10d7	0
0x271a0x281aS0x21d4S0x10d7	0x281a0x271aV0x21d4V0x10d7	0
0x27180x281aS0x21d4S0x10d7	0x281a0x2718V0x21d4V0x10d7	0
0x27150x281aS0x21d4S0x10d7	0x281a0x2715V0x21d4V0x10d7	0
0x27140x281aS0x21d4S0x10d7	0x281a0x2714V0x21d4V0x10d7	0
0x27130x281aS0x21d4S0x10d7	0x281a0x2713V0x21d4V0x10d7	0
0x27120x281aS0x21d4S0x10d7	0x281a0x2712V0x21d4V0x10d7	0
0x270f0x281aS0x21d4S0x10d7	0x281a0x270fV0x21d4V0x10d7	0
0x270e0x281aS0x21d4S0x10d7	0x281a0x270eV0x21d4V0x10d7	0
0x270c0x281aS0x21d4S0x10d7	0x281a0x270cV0x21d4V0x10d7	0
0x27090x281aS0x21d4S0x10d7	0x281a0x2709V0x21d4V0x10d7	0
0x27080x281aS0x21d4S0x10d7	0x281a0x2708V0x21d4V0x10d7	0
0x27060x281aS0x21d4S0x10d7	0x281a0x2706V0x21d4V0x10d7	0
0x271d0x281a_0x1S0x21d4S0x10d7	0x271d0x281a_0x1V0x21d4V0x10d7	0
0x27280x281aS0x21d4S0x10d7	0x281a0x2728V0x21d4V0x10d7	0
0x27250x281aS0x21d4S0x10d7	0x281a0x2725V0x21d4V0x10d7	0
0x27230x281aS0x21d4S0x10d7	0x281a0x2723V0x21d4V0x10d7	0
0x1ec3S0x22daS0x10d7	0x1ec3V0x22daV0x10d7	0
0x1ec3S0x2384S0x10d7	0x1ec3V0x2384V0x10d7	0
0x2df6S0x1282	0x2df6V0x1282	0
0x2dfbS0x1282	0x2dfbV0x1282	0
0x2dfeS0x1282	0x2dfeV0x1282	0
0x2e00S0x1282	0x2e00V0x1282	0
0x2e02S0x1282	0x2e02V0x1282	0
0x2e05S0x1282	0x2e05V0x1282	0
0x2e08S0x1282	0x2e08V0x1282	0
0x2e09S0x1282	0x2e09V0x1282	0
0x2e30S0x1282	0x2e30V0x1282	0
0x2e36S0x1282	0x2e36V0x1282	0
0x2e2e_0x1S0x1282	0x2e2e_0x1V0x1282	0
0x2e16S0x1282	0x2e16V0x1282	0
0x2e17S0x1282	0x2e17V0x1282	0
0x2e18S0x1282	0x2e18V0x1282	0
0x2e13_0x2S0x1282	0x2e13_0x2V0x1282	0
0x2e0eS0x1282	0x2e0eV0x1282	0
0x2e10S0x1282	0x2e10V0x1282	0
0x2e12S0x1282	0x2e12V0x1282	0
0x2e1dS0x1282	0x2e1dV0x1282	0
0x2e21S0x1282	0x2e21V0x1282	0
0x2e23S0x1282	0x2e23V0x1282	0
0x2e26S0x1282	0x2e26V0x1282	0
0x2e28S0x1282	0x2e28V0x1282	0
0x2e2aS0x1282	0x2e2aV0x1282	0
0x2e1c_0x1S0x1282	0x2e1c_0x1V0x1282	0
0x2e1c_0x2S0x1282	0x2e1c_0x2V0x1282	0
0x2e48S0x2e2eS0x1282	0x2e48V0x2e2eV0x1282	0
0x2e4cS0x2e2eS0x1282	0x2e4cV0x2e2eV0x1282	0
0x2e4eS0x2e2eS0x1282	0x2e4eV0x2e2eV0x1282	0
0x2e4fS0x2e2eS0x1282	0x2e4fV0x2e2eV0x1282	0
0x2e48_0x0S0x2e2eS0x1282	0x2e48_0x0V0x2e2eV0x1282	0
0x2e42S0x2e2eS0x1282	0x2e42V0x2e2eV0x1282	0
0x2e43S0x2e2eS0x1282	0x2e43V0x2e2eV0x1282	0
0x2e44S0x2e2eS0x1282	0x2e44V0x2e2eV0x1282	0
0x2e3f_0x0S0x2e2eS0x1282	0x2e3f_0x0V0x2e2eV0x1282	0
0x2df6S0x1297	0x2df6V0x1297	0
0x2dfbS0x1297	0x2dfbV0x1297	0
0x2dfeS0x1297	0x2dfeV0x1297	0
0x2e00S0x1297	0x2e00V0x1297	0
0x2e02S0x1297	0x2e02V0x1297	0
0x2e05S0x1297	0x2e05V0x1297	0
0x2e08S0x1297	0x2e08V0x1297	0
0x2e09S0x1297	0x2e09V0x1297	0
0x2e30S0x1297	0x2e30V0x1297	0
0x2e36S0x1297	0x2e36V0x1297	0
0x2e2e_0x1S0x1297	0x2e2e_0x1V0x1297	0
0x2e16S0x1297	0x2e16V0x1297	0
0x2e17S0x1297	0x2e17V0x1297	0
0x2e18S0x1297	0x2e18V0x1297	0
0x2e13_0x2S0x1297	0x2e13_0x2V0x1297	0
0x2e0eS0x1297	0x2e0eV0x1297	0
0x2e10S0x1297	0x2e10V0x1297	0
0x2e12S0x1297	0x2e12V0x1297	0
0x2e1dS0x1297	0x2e1dV0x1297	0
0x2e21S0x1297	0x2e21V0x1297	0
0x2e23S0x1297	0x2e23V0x1297	0
0x2e26S0x1297	0x2e26V0x1297	0
0x2e28S0x1297	0x2e28V0x1297	0
0x2e2aS0x1297	0x2e2aV0x1297	0
0x2e1c_0x1S0x1297	0x2e1c_0x1V0x1297	0
0x2e1c_0x2S0x1297	0x2e1c_0x2V0x1297	0
0x2e48S0x2e2eS0x1297	0x2e48V0x2e2eV0x1297	0
0x2e4cS0x2e2eS0x1297	0x2e4cV0x2e2eV0x1297	0
0x2e4eS0x2e2eS0x1297	0x2e4eV0x2e2eV0x1297	0
0x2e4fS0x2e2eS0x1297	0x2e4fV0x2e2eV0x1297	0
0x2e48_0x0S0x2e2eS0x1297	0x2e48_0x0V0x2e2eV0x1297	0
0x2e42S0x2e2eS0x1297	0x2e42V0x2e2eV0x1297	0
0x2e43S0x2e2eS0x1297	0x2e43V0x2e2eV0x1297	0
0x2e44S0x2e2eS0x1297	0x2e44V0x2e2eV0x1297	0
0x2e3f_0x0S0x2e2eS0x1297	0x2e3f_0x0V0x2e2eV0x1297	0
0x2df6S0x1402	0x2df6V0x1402	0
0x2dfbS0x1402	0x2dfbV0x1402	0
0x2dfeS0x1402	0x2dfeV0x1402	0
0x2e00S0x1402	0x2e00V0x1402	0
0x2e02S0x1402	0x2e02V0x1402	0
0x2e05S0x1402	0x2e05V0x1402	0
0x2e08S0x1402	0x2e08V0x1402	0
0x2e09S0x1402	0x2e09V0x1402	0
0x2e30S0x1402	0x2e30V0x1402	0
0x2e36S0x1402	0x2e36V0x1402	0
0x2e2e_0x1S0x1402	0x2e2e_0x1V0x1402	0
0x2e16S0x1402	0x2e16V0x1402	0
0x2e17S0x1402	0x2e17V0x1402	0
0x2e18S0x1402	0x2e18V0x1402	0
0x2e13_0x2S0x1402	0x2e13_0x2V0x1402	0
0x2e0eS0x1402	0x2e0eV0x1402	0
0x2e10S0x1402	0x2e10V0x1402	0
0x2e12S0x1402	0x2e12V0x1402	0
0x2e1dS0x1402	0x2e1dV0x1402	0
0x2e21S0x1402	0x2e21V0x1402	0
0x2e23S0x1402	0x2e23V0x1402	0
0x2e26S0x1402	0x2e26V0x1402	0
0x2e28S0x1402	0x2e28V0x1402	0
0x2e2aS0x1402	0x2e2aV0x1402	0
0x2e1c_0x1S0x1402	0x2e1c_0x1V0x1402	0
0x2e1c_0x2S0x1402	0x2e1c_0x2V0x1402	0
0x2e48S0x2e2eS0x1402	0x2e48V0x2e2eV0x1402	0
0x2e4cS0x2e2eS0x1402	0x2e4cV0x2e2eV0x1402	0
0x2e4eS0x2e2eS0x1402	0x2e4eV0x2e2eV0x1402	0
0x2e4fS0x2e2eS0x1402	0x2e4fV0x2e2eV0x1402	0
0x2e48_0x0S0x2e2eS0x1402	0x2e48_0x0V0x2e2eV0x1402	0
0x2e42S0x2e2eS0x1402	0x2e42V0x2e2eV0x1402	0
0x2e43S0x2e2eS0x1402	0x2e43V0x2e2eV0x1402	0
0x2e44S0x2e2eS0x1402	0x2e44V0x2e2eV0x1402	0
0x2e3f_0x0S0x2e2eS0x1402	0x2e3f_0x0V0x2e2eV0x1402	0
0x2df6S0x1417	0x2df6V0x1417	0
0x2dfbS0x1417	0x2dfbV0x1417	0
0x2dfeS0x1417	0x2dfeV0x1417	0
0x2e00S0x1417	0x2e00V0x1417	0
0x2e02S0x1417	0x2e02V0x1417	0
0x2e05S0x1417	0x2e05V0x1417	0
0x2e08S0x1417	0x2e08V0x1417	0
0x2e09S0x1417	0x2e09V0x1417	0
0x2e30S0x1417	0x2e30V0x1417	0
0x2e36S0x1417	0x2e36V0x1417	0
0x2e2e_0x1S0x1417	0x2e2e_0x1V0x1417	0
0x2e16S0x1417	0x2e16V0x1417	0
0x2e17S0x1417	0x2e17V0x1417	0
0x2e18S0x1417	0x2e18V0x1417	0
0x2e13_0x2S0x1417	0x2e13_0x2V0x1417	0
0x2e0eS0x1417	0x2e0eV0x1417	0
0x2e10S0x1417	0x2e10V0x1417	0
0x2e12S0x1417	0x2e12V0x1417	0
0x2e1dS0x1417	0x2e1dV0x1417	0
0x2e21S0x1417	0x2e21V0x1417	0
0x2e23S0x1417	0x2e23V0x1417	0
0x2e26S0x1417	0x2e26V0x1417	0
0x2e28S0x1417	0x2e28V0x1417	0
0x2e2aS0x1417	0x2e2aV0x1417	0
0x2e1c_0x1S0x1417	0x2e1c_0x1V0x1417	0
0x2e1c_0x2S0x1417	0x2e1c_0x2V0x1417	0
0x2e48S0x2e2eS0x1417	0x2e48V0x2e2eV0x1417	0
0x2e4cS0x2e2eS0x1417	0x2e4cV0x2e2eV0x1417	0
0x2e4eS0x2e2eS0x1417	0x2e4eV0x2e2eV0x1417	0
0x2e4fS0x2e2eS0x1417	0x2e4fV0x2e2eV0x1417	0
0x2e48_0x0S0x2e2eS0x1417	0x2e48_0x0V0x2e2eV0x1417	0
0x2e42S0x2e2eS0x1417	0x2e42V0x2e2eV0x1417	0
0x2e43S0x2e2eS0x1417	0x2e43V0x2e2eV0x1417	0
0x2e44S0x2e2eS0x1417	0x2e44V0x2e2eV0x1417	0
0x2e3f_0x0S0x2e2eS0x1417	0x2e3f_0x0V0x2e2eV0x1417	0
0x20d5S0x190e	0x20d5V0x190e	0
0x20d8S0x190e	0x20d8V0x190e	0
0x20d9S0x190e	0x20d9V0x190e	0
0x20fcS0x190e	0x20fcV0x190e	0
0x20feS0x190e	0x20feV0x190e	0
0x2101S0x190e	0x2101V0x190e	0
0x2103S0x190e	0x2103V0x190e	0
0x2105S0x190e	0x2105V0x190e	0
0x2108S0x190e	0x2108V0x190e	0
0x210aS0x190e	0x210aV0x190e	0
0x212bS0x190e	0x212bV0x190e	0
0x212eS0x190e	0x212eV0x190e	0
0x2131S0x190e	0x2131V0x190e	0
0x2135S0x190e	0x2135V0x190e	0
0x2136S0x190e	0x2136V0x190e	0
0x2138S0x190e	0x2138V0x190e	0
0x2151S0x190e	0x2151V0x190e	0
0x2154S0x190e	0x2154V0x190e	0
0x2155S0x190e	0x2155V0x190e	0
0x2178S0x190e	0x2178V0x190e	0
0x217aS0x190e	0x217aV0x190e	0
0x217dS0x190e	0x217dV0x190e	0
0x217fS0x190e	0x217fV0x190e	0
0x2181S0x190e	0x2181V0x190e	0
0x2184S0x190e	0x2184V0x190e	0
0x2186S0x190e	0x2186V0x190e	0
0x21a7S0x190e	0x21a7V0x190e	0
0x21aaS0x190e	0x21aaV0x190e	0
0x21adS0x190e	0x21adV0x190e	0
0x21b1S0x190e	0x21b1V0x190e	0
0x21b2S0x190e	0x21b2V0x190e	0
0x21b4S0x190e	0x21b4V0x190e	0
0x22c2S0x190e	0x22c2V0x190e	0
0x22d1S0x190e	0x22d1V0x190e	0
0x22d2S0x190e	0x22d2V0x190e	0
0x22d6S0x190e	0x22d6V0x190e	0
0x22d7S0x190e	0x22d7V0x190e	0
0x2356S0x190e	0x2356V0x190e	0
0x2365S0x190e	0x2365V0x190e	0
0x2366S0x190e	0x2366V0x190e	0
0x236aS0x190e	0x236aV0x190e	0
0x236bS0x190e	0x236bV0x190e	0
0x2380S0x190e	0x2380V0x190e	0
0x2741S0x190e	0x2741V0x190e	0
0x2744S0x190e	0x2744V0x190e	0
0x2745S0x190e	0x2745V0x190e	0
0x2768S0x190e	0x2768V0x190e	0
0x276aS0x190e	0x276aV0x190e	0
0x276dS0x190e	0x276dV0x190e	0
0x276fS0x190e	0x276fV0x190e	0
0x2771S0x190e	0x2771V0x190e	0
0x2774S0x190e	0x2774V0x190e	0
0x2776S0x190e	0x2776V0x190e	0
0x2797S0x190e	0x2797V0x190e	0
0x279aS0x190e	0x279aV0x190e	0
0x279dS0x190e	0x279dV0x190e	0
0x27a1S0x190e	0x27a1V0x190e	0
0x27a2S0x190e	0x27a2V0x190e	0
0x27a4S0x190e	0x27a4V0x190e	0
0x204fS0x190e	0x204fV0x190e	0
0x2051S0x190e	0x2051V0x190e	0
0x2055S0x190e	0x2055V0x190e	0
0x2057S0x190e	0x2057V0x190e	0
0x2059S0x190e	0x2059V0x190e	0
0x205cS0x190e	0x205cV0x190e	0
0x20cfS0x190e	0x20cfV0x190e	0
0x20d0S0x190e	0x20d0V0x190e	0
0x20d1S0x190e	0x20d1V0x190e	0
0x2061S0x190e	0x2061V0x190e	0
0x2076S0x190e	0x2076V0x190e	0
0x2077S0x190e	0x2077V0x190e	0
0x208cS0x190e	0x208cV0x190e	0
0x208fS0x190e	0x208fV0x190e	0
0x2091S0x190e	0x2091V0x190e	0
0x2095S0x190e	0x2095V0x190e	0
0x2097S0x190e	0x2097V0x190e	0
0x2098S0x190e	0x2098V0x190e	0
0x209aS0x190e	0x209aV0x190e	0
0x209cS0x190e	0x209cV0x190e	0
0x209fS0x190e	0x209fV0x190e	0
0x20a0S0x190e	0x20a0V0x190e	0
0x20a1S0x190e	0x20a1V0x190e	0
0x20a7S0x190e	0x20a7V0x190e	0
0x20b8S0x190e	0x20b8V0x190e	0
0x20b9S0x190e	0x20b9V0x190e	0
0x20bcS0x190e	0x20bcV0x190e	0
0x20bdS0x190e	0x20bdV0x190e	0
0x20c3S0x190e	0x20c3V0x190e	0
0x20c4S0x190e	0x20c4V0x190e	0
0x20c6S0x190e	0x20c6V0x190e	0
0x2734S0x190e	0x2734V0x190e	0
0x2738S0x190e	0x2738V0x190e	0
0x273bS0x190e	0x273bV0x190e	0
0x273cS0x190e	0x273cV0x190e	0
0x273dS0x190e	0x273dV0x190e	0
0x213dS0x190e	0x213dV0x190e	0
0x213fS0x190e	0x213fV0x190e	0
0x2141S0x190e	0x2141V0x190e	0
0x214dS0x190e	0x214dV0x190e	0
0x214c_0x0S0x190e	0x214c_0x0V0x190e	0
0x21b8S0x190e	0x21b8V0x190e	0
0x21baS0x190e	0x21baV0x190e	0
0x21bdS0x190e	0x21bdV0x190e	0
0x21bfS0x190e	0x21bfV0x190e	0
0x21c0S0x190e	0x21c0V0x190e	0
0x21c3S0x190e	0x21c3V0x190e	0
0x21c5S0x190e	0x21c5V0x190e	0
0x21c7S0x190e	0x21c7V0x190e	0
0x21cdS0x190e	0x21cdV0x190e	0
0x21d2S0x190e	0x21d2V0x190e	0
0x21deS0x190e	0x21deV0x190e	0
0x21e0S0x190e	0x21e0V0x190e	0
0x21e2S0x190e	0x21e2V0x190e	0
0x21e5S0x190e	0x21e5V0x190e	0
0x21d6S0x190e	0x21d6V0x190e	0
0x21eaS0x190e	0x21eaV0x190e	0
0x21ffS0x190e	0x21ffV0x190e	0
0x2200S0x190e	0x2200V0x190e	0
0x2215S0x190e	0x2215V0x190e	0
0x2218S0x190e	0x2218V0x190e	0
0x221aS0x190e	0x221aV0x190e	0
0x221eS0x190e	0x221eV0x190e	0
0x2220S0x190e	0x2220V0x190e	0
0x2221S0x190e	0x2221V0x190e	0
0x2223S0x190e	0x2223V0x190e	0
0x2225S0x190e	0x2225V0x190e	0
0x2228S0x190e	0x2228V0x190e	0
0x2229S0x190e	0x2229V0x190e	0
0x222aS0x190e	0x222aV0x190e	0
0x2230S0x190e	0x2230V0x190e	0
0x2241S0x190e	0x2241V0x190e	0
0x2242S0x190e	0x2242V0x190e	0
0x2245S0x190e	0x2245V0x190e	0
0x2246S0x190e	0x2246V0x190e	0
0x224cS0x190e	0x224cV0x190e	0
0x224eS0x190e	0x224eV0x190e	0
0x2250S0x190e	0x2250V0x190e	0
0x2251S0x190e	0x2251V0x190e	0
0x2254S0x190e	0x2254V0x190e	0
0x2255S0x190e	0x2255V0x190e	0
0x2278S0x190e	0x2278V0x190e	0
0x2279S0x190e	0x2279V0x190e	0
0x227cS0x190e	0x227cV0x190e	0
0x227eS0x190e	0x227eV0x190e	0
0x2281S0x190e	0x2281V0x190e	0
0x2286S0x190e	0x2286V0x190e	0
0x2287S0x190e	0x2287V0x190e	0
0x229eS0x190e	0x229eV0x190e	0
0x22a0S0x190e	0x22a0V0x190e	0
0x22a6S0x190e	0x22a6V0x190e	0
0x22aaS0x190e	0x22aaV0x190e	0
0x22acS0x190e	0x22acV0x190e	0
0x22b4S0x190e	0x22b4V0x190e	0
0x22b5S0x190e	0x22b5V0x190e	0
0x22baS0x190e	0x22baV0x190e	0
0x22bbS0x190e	0x22bbV0x190e	0
0x22bdS0x190e	0x22bdV0x190e	0
0x22beS0x190e	0x22beV0x190e	0
0x22c8S0x190e	0x22c8V0x190e	0
0x22c9S0x190e	0x22c9V0x190e	0
0x22caS0x190e	0x22caV0x190e	0
0x22ccS0x190e	0x22ccV0x190e	0
0x22cdS0x190e	0x22cdV0x190e	0
0x22ddS0x190e	0x22ddV0x190e	0
0x22dfS0x190e	0x22dfV0x190e	0
0x22e0S0x190e	0x22e0V0x190e	0
0x22f5S0x190e	0x22f5V0x190e	0
0x22f8S0x190e	0x22f8V0x190e	0
0x22ffS0x190e	0x22ffV0x190e	0
0x2302S0x190e	0x2302V0x190e	0
0x2308S0x190e	0x2308V0x190e	0
0x230aS0x190e	0x230aV0x190e	0
0x230cS0x190e	0x230cV0x190e	0
0x2311S0x190e	0x2311V0x190e	0
0x2312S0x190e	0x2312V0x190e	0
0x2314S0x190e	0x2314V0x190e	0
0x2317S0x190e	0x2317V0x190e	0
0x2319S0x190e	0x2319V0x190e	0
0x231cS0x190e	0x231cV0x190e	0
0x2331S0x190e	0x2331V0x190e	0
0x2334S0x190e	0x2334V0x190e	0
0x2336S0x190e	0x2336V0x190e	0
0x233aS0x190e	0x233aV0x190e	0
0x233cS0x190e	0x233cV0x190e	0
0x2341S0x190e	0x2341V0x190e	0
0x2343S0x190e	0x2343V0x190e	0
0x2345S0x190e	0x2345V0x190e	0
0x2348S0x190e	0x2348V0x190e	0
0x234aS0x190e	0x234aV0x190e	0
0x234eS0x190e	0x234eV0x190e	0
0x234fS0x190e	0x234fV0x190e	0
0x2351S0x190e	0x2351V0x190e	0
0x2352S0x190e	0x2352V0x190e	0
0x235cS0x190e	0x235cV0x190e	0
0x235dS0x190e	0x235dV0x190e	0
0x235eS0x190e	0x235eV0x190e	0
0x2360S0x190e	0x2360V0x190e	0
0x2361S0x190e	0x2361V0x190e	0
0x2373S0x190e	0x2373V0x190e	0
0x2375S0x190e	0x2375V0x190e	0
0x2376S0x190e	0x2376V0x190e	0
0x2377S0x190e	0x2377V0x190e	0
0x237aS0x190e	0x237aV0x190e	0
0x237bS0x190e	0x237bV0x190e	0
0x237cS0x190e	0x237cV0x190e	0
0x2386S0x190e	0x2386V0x190e	0
0x238bS0x190e	0x238bV0x190e	0
0x2390S0x190e	0x2390V0x190e	0
0x23a5S0x190e	0x23a5V0x190e	0
0x23a6S0x190e	0x23a6V0x190e	0
0x23c9S0x190e	0x23c9V0x190e	0
0x23cbS0x190e	0x23cbV0x190e	0
0x23d0S0x190e	0x23d0V0x190e	0
0x23d2S0x190e	0x23d2V0x190e	0
0x23d6S0x190e	0x23d6V0x190e	0
0x23d8S0x190e	0x23d8V0x190e	0
0x23ddS0x190e	0x23ddV0x190e	0
0x23dfS0x190e	0x23dfV0x190e	0
0x23e2S0x190e	0x23e2V0x190e	0
0x2146S0x190e	0x2146V0x190e	0
0x2148S0x190e	0x2148V0x190e	0
0x214aS0x190e	0x214aV0x190e	0
0x214bS0x190e	0x214bV0x190e	0
0x1ec3S0x204eS0x190e	0x1ec3V0x204eV0x190e	0
0x27caS0x21b7S0x190e	0x27caV0x21b7V0x190e	0
0x27ccS0x21b7S0x190e	0x27ccV0x21b7V0x190e	0
0x27cdS0x21b7S0x190e	0x27cdV0x21b7V0x190e	0
0x27f0S0x21b7S0x190e	0x27f0V0x21b7V0x190e	0
0x27f2S0x21b7S0x190e	0x27f2V0x21b7V0x190e	0
0x27f5S0x21b7S0x190e	0x27f5V0x21b7V0x190e	0
0x27f7S0x21b7S0x190e	0x27f7V0x21b7V0x190e	0
0x27faS0x21b7S0x190e	0x27faV0x21b7V0x190e	0
0x27fdS0x21b7S0x190e	0x27fdV0x21b7V0x190e	0
0x2801S0x21b7S0x190e	0x2801V0x21b7V0x190e	0
0x2803S0x21b7S0x190e	0x2803V0x21b7V0x190e	0
0x2805S0x21b7S0x190e	0x2805V0x21b7V0x190e	0
0x2808S0x21b7S0x190e	0x2808V0x21b7V0x190e	0
0x280cS0x21b7S0x190e	0x280cV0x21b7V0x190e	0
0x280eS0x21b7S0x190e	0x280eV0x21b7V0x190e	0
0x2812S0x21b7S0x190e	0x2812V0x21b7V0x190e	0
0x2814S0x21b7S0x190e	0x2814V0x21b7V0x190e	0
0x2817S0x21b7S0x190e	0x2817V0x21b7V0x190e	0
0x27a8S0x21b7S0x190e	0x27a8V0x21b7V0x190e	0
0x27abS0x21b7S0x190e	0x27abV0x21b7V0x190e	0
0x27b9S0x21b7S0x190e	0x27b9V0x21b7V0x190e	0
0x27beS0x21b7S0x190e	0x27beV0x21b7V0x190e	0
0x27c4S0x21b7S0x190e	0x27c4V0x21b7V0x190e	0
0x27c5S0x21b7S0x190e	0x27c5V0x21b7V0x190e	0
0x27c6S0x21b7S0x190e	0x27c6V0x21b7V0x190e	0
0x27b0S0x21b7S0x190e	0x27b0V0x21b7V0x190e	0
0x27b2S0x21b7S0x190e	0x27b2V0x21b7V0x190e	0
0x20480x27a7_0x0S0x21b7S0x190e	0x20480x27a7_0x0V0x21b7V0x190e	0
0x1ec3S0x21daS0x190e	0x1ec3V0x21daV0x190e	0
0x2b1eS0x21d4S0x190e	0x2b1eV0x21d4V0x190e	0
0x2b20S0x21d4S0x190e	0x2b20V0x21d4V0x190e	0
0x2b21S0x21d4S0x190e	0x2b21V0x21d4V0x190e	0
0x2b44S0x21d4S0x190e	0x2b44V0x21d4V0x190e	0
0x2b46S0x21d4S0x190e	0x2b46V0x21d4V0x190e	0
0x2b49S0x21d4S0x190e	0x2b49V0x21d4V0x190e	0
0x2b4eS0x21d4S0x190e	0x2b4eV0x21d4V0x190e	0
0x2b4fS0x21d4S0x190e	0x2b4fV0x21d4V0x190e	0
0x2b52S0x21d4S0x190e	0x2b52V0x21d4V0x190e	0
0x2b55S0x21d4S0x190e	0x2b55V0x21d4V0x190e	0
0x2b5aS0x21d4S0x190e	0x2b5aV0x21d4V0x190e	0
0x2b5eS0x21d4S0x190e	0x2b5eV0x21d4V0x190e	0
0x2b62S0x21d4S0x190e	0x2b62V0x21d4V0x190e	0
0x2b67S0x21d4S0x190e	0x2b67V0x21d4V0x190e	0
0x2b6aS0x21d4S0x190e	0x2b6aV0x21d4V0x190e	0
0x2b6bS0x21d4S0x190e	0x2b6bV0x21d4V0x190e	0
0x281bS0x21d4S0x190e	0x281bV0x21d4V0x190e	0
0x281dS0x21d4S0x190e	0x281dV0x21d4V0x190e	0
0x2822S0x21d4S0x190e	0x2822V0x21d4V0x190e	0
0x2824S0x21d4S0x190e	0x2824V0x21d4V0x190e	0
0x2826S0x21d4S0x190e	0x2826V0x21d4V0x190e	0
0x2828S0x21d4S0x190e	0x2828V0x21d4V0x190e	0
0x2829S0x21d4S0x190e	0x2829V0x21d4V0x190e	0
0x282dS0x21d4S0x190e	0x282dV0x21d4V0x190e	0
0x2831S0x21d4S0x190e	0x2831V0x21d4V0x190e	0
0x2833S0x21d4S0x190e	0x2833V0x21d4V0x190e	0
0x2834S0x21d4S0x190e	0x2834V0x21d4V0x190e	0
0x2858S0x21d4S0x190e	0x2858V0x21d4V0x190e	0
0x2b16S0x21d4S0x190e	0x2b16V0x21d4V0x190e	0
0x2b1aS0x21d4S0x190e	0x2b1aV0x21d4V0x190e	0
0x2b80S0x21d4S0x190e	0x2b80V0x21d4V0x190e	0
0x2b85S0x21d4S0x190e	0x2b85V0x21d4V0x190e	0
0x2b8bS0x21d4S0x190e	0x2b8bV0x21d4V0x190e	0
0x2b71S0x21d4S0x190e	0x2b71V0x21d4V0x190e	0
0x2b72S0x21d4S0x190e	0x2b72V0x21d4V0x190e	0
0x2b75S0x21d4S0x190e	0x2b75V0x21d4V0x190e	0
0x2b77S0x21d4S0x190e	0x2b77V0x21d4V0x190e	0
0x2b79S0x21d4S0x190e	0x2b79V0x21d4V0x190e	0
0x2b7aS0x21d4S0x190e	0x2b7aV0x21d4V0x190e	0
0x26dd0x281aS0x21d4S0x190e	0x281a0x26ddV0x21d4V0x190e	0
0x26d80x281a_0x0S0x21d4S0x190e	0x26d80x281a_0x0V0x21d4V0x190e	0
0x26dc0x281aS0x21d4S0x190e	0x281a0x26dcV0x21d4V0x190e	0
0x26db0x281aS0x21d4S0x190e	0x281a0x26dbV0x21d4V0x190e	0
0x26ec0x281aS0x21d4S0x190e	0x281a0x26ecV0x21d4V0x190e	0
0x26e10x281a_0x0S0x21d4S0x190e	0x26e10x281a_0x0V0x21d4V0x190e	0
0x26eb0x281aS0x21d4S0x190e	0x281a0x26ebV0x21d4V0x190e	0
0x26e90x281aS0x21d4S0x190e	0x281a0x26e9V0x21d4V0x190e	0
0x26e70x281aS0x21d4S0x190e	0x281a0x26e7V0x21d4V0x190e	0
0x26e40x281aS0x21d4S0x190e	0x281a0x26e4V0x21d4V0x190e	0
0x26e30x281aS0x21d4S0x190e	0x281a0x26e3V0x21d4V0x190e	0
0x27000x281aS0x21d4S0x190e	0x281a0x2700V0x21d4V0x190e	0
0x26ff0x281aS0x21d4S0x190e	0x281a0x26ffV0x21d4V0x190e	0
0x26fd0x281aS0x21d4S0x190e	0x281a0x26fdV0x21d4V0x190e	0
0x26fb0x281aS0x21d4S0x190e	0x281a0x26fbV0x21d4V0x190e	0
0x26f90x281aS0x21d4S0x190e	0x281a0x26f9V0x21d4V0x190e	0
0x271a0x281aS0x21d4S0x190e	0x281a0x271aV0x21d4V0x190e	0
0x27180x281aS0x21d4S0x190e	0x281a0x2718V0x21d4V0x190e	0
0x27150x281aS0x21d4S0x190e	0x281a0x2715V0x21d4V0x190e	0
0x27140x281aS0x21d4S0x190e	0x281a0x2714V0x21d4V0x190e	0
0x27130x281aS0x21d4S0x190e	0x281a0x2713V0x21d4V0x190e	0
0x27120x281aS0x21d4S0x190e	0x281a0x2712V0x21d4V0x190e	0
0x270f0x281aS0x21d4S0x190e	0x281a0x270fV0x21d4V0x190e	0
0x270e0x281aS0x21d4S0x190e	0x281a0x270eV0x21d4V0x190e	0
0x270c0x281aS0x21d4S0x190e	0x281a0x270cV0x21d4V0x190e	0
0x27090x281aS0x21d4S0x190e	0x281a0x2709V0x21d4V0x190e	0
0x27080x281aS0x21d4S0x190e	0x281a0x2708V0x21d4V0x190e	0
0x27060x281aS0x21d4S0x190e	0x281a0x2706V0x21d4V0x190e	0
0x271d0x281a_0x1S0x21d4S0x190e	0x271d0x281a_0x1V0x21d4V0x190e	0
0x27280x281aS0x21d4S0x190e	0x281a0x2728V0x21d4V0x190e	0
0x27250x281aS0x21d4S0x190e	0x281a0x2725V0x21d4V0x190e	0
0x27230x281aS0x21d4S0x190e	0x281a0x2723V0x21d4V0x190e	0
0x1ec3S0x22daS0x190e	0x1ec3V0x22daV0x190e	0
0x1ec3S0x2384S0x190e	0x1ec3V0x2384V0x190e	0
0x24b2S0x1b8e	0x24b2V0x1b8e	0
0x24b4S0x1b8e	0x24b4V0x1b8e	0
0x24b5S0x1b8e	0x24b5V0x1b8e	0
0x24d8S0x1b8e	0x24d8V0x1b8e	0
0x24daS0x1b8e	0x24daV0x1b8e	0
0x24ddS0x1b8e	0x24ddV0x1b8e	0
0x24dfS0x1b8e	0x24dfV0x1b8e	0
0x24e2S0x1b8e	0x24e2V0x1b8e	0
0x24e5S0x1b8e	0x24e5V0x1b8e	0
0x24e9S0x1b8e	0x24e9V0x1b8e	0
0x24ebS0x1b8e	0x24ebV0x1b8e	0
0x24edS0x1b8e	0x24edV0x1b8e	0
0x24f0S0x1b8e	0x24f0V0x1b8e	0
0x24f4S0x1b8e	0x24f4V0x1b8e	0
0x24f6S0x1b8e	0x24f6V0x1b8e	0
0x24faS0x1b8e	0x24faV0x1b8e	0
0x24fcS0x1b8e	0x24fcV0x1b8e	0
0x24ffS0x1b8e	0x24ffV0x1b8e	0
0x2515S0x1b8e	0x2515V0x1b8e	0
0x2518S0x1b8e	0x2518V0x1b8e	0
0x2519S0x1b8e	0x2519V0x1b8e	0
0x253aS0x1b8e	0x253aV0x1b8e	0
0x255dS0x1b8e	0x255dV0x1b8e	0
0x255eS0x1b8e	0x255eV0x1b8e	0
0x2561S0x1b8e	0x2561V0x1b8e	0
0x2562S0x1b8e	0x2562V0x1b8e	0
0x2563S0x1b8e	0x2563V0x1b8e	0
0x2565S0x1b8e	0x2565V0x1b8e	0
0x25a40x2486S0x1b8e	0x24860x25a4V0x1b8e	0
0x25830x2486S0x1b8e	0x24860x2583V0x1b8e	0
0x25820x2486S0x1b8e	0x24860x2582V0x1b8e	0
0x257f0x2486S0x1b8e	0x24860x257fV0x1b8e	0
0x2487S0x1b8e	0x2487V0x1b8e	0
0x2489S0x1b8e	0x2489V0x1b8e	0
0x248aS0x1b8e	0x248aV0x1b8e	0
0x248eS0x1b8e	0x248eV0x1b8e	0
0x248fS0x1b8e	0x248fV0x1b8e	0
0x2491S0x1b8e	0x2491V0x1b8e	0
0x2493S0x1b8e	0x2493V0x1b8e	0
0x24a1S0x1b8e	0x24a1V0x1b8e	0
0x249f_0x0S0x1b8e	0x249f_0x0V0x1b8e	0
0x24aeS0x1b8e	0x24aeV0x1b8e	0
0x24ad_0x0S0x1b8e	0x24ad_0x0V0x1b8e	0
0x2503S0x1b8e	0x2503V0x1b8e	0
0x2505S0x1b8e	0x2505V0x1b8e	0
0x2506S0x1b8e	0x2506V0x1b8e	0
0x250aS0x1b8e	0x250aV0x1b8e	0
0x250bS0x1b8e	0x250bV0x1b8e	0
0x250dS0x1b8e	0x250dV0x1b8e	0
0x250eS0x1b8e	0x250eV0x1b8e	0
0x2510S0x1b8e	0x2510V0x1b8e	0
0x2511S0x1b8e	0x2511V0x1b8e	0
0x2569S0x1b8e	0x2569V0x1b8e	0
0x256cS0x1b8e	0x256cV0x1b8e	0
0x2571S0x1b8e	0x2571V0x1b8e	0
0x2574S0x1b8e	0x2574V0x1b8e	0
0x2498S0x1b8e	0x2498V0x1b8e	0
0x249bS0x1b8e	0x249bV0x1b8e	0
0x24a6S0x1b8e	0x24a6V0x1b8e	0
0x24a8S0x1b8e	0x24a8V0x1b8e	0
0x24a9S0x1b8e	0x24a9V0x1b8e	0
0x24abS0x1b8e	0x24abV0x1b8e	0
0x24acS0x1b8e	0x24acV0x1b8e	0
0x257b0x2486S0x1b8e	0x24860x257bV0x1b8e	0
0x257a0x2486S0x1b8e	0x24860x257aV0x1b8e	0
0x2481S0x2497S0x1b8e	0x2481V0x2497V0x1b8e	0
0x2482S0x2497S0x1b8e	0x2482V0x2497V0x1b8e	0
0x2483S0x2497S0x1b8e	0x2483V0x2497V0x1b8e	0
0x2888S0x2568S0x1b8e	0x2888V0x2568V0x1b8e	0
0x288aS0x2568S0x1b8e	0x288aV0x2568V0x1b8e	0
0x288bS0x2568S0x1b8e	0x288bV0x2568V0x1b8e	0
0x28aeS0x2568S0x1b8e	0x28aeV0x2568V0x1b8e	0
0x28b0S0x2568S0x1b8e	0x28b0V0x2568V0x1b8e	0
0x28b3S0x2568S0x1b8e	0x28b3V0x2568V0x1b8e	0
0x28b5S0x2568S0x1b8e	0x28b5V0x2568V0x1b8e	0
0x28b8S0x2568S0x1b8e	0x28b8V0x2568V0x1b8e	0
0x28bbS0x2568S0x1b8e	0x28bbV0x2568V0x1b8e	0
0x28bfS0x2568S0x1b8e	0x28bfV0x2568V0x1b8e	0
0x28c1S0x2568S0x1b8e	0x28c1V0x2568V0x1b8e	0
0x28c3S0x2568S0x1b8e	0x28c3V0x2568V0x1b8e	0
0x28c6S0x2568S0x1b8e	0x28c6V0x2568V0x1b8e	0
0x28caS0x2568S0x1b8e	0x28caV0x2568V0x1b8e	0
0x28ccS0x2568S0x1b8e	0x28ccV0x2568V0x1b8e	0
0x28d0S0x2568S0x1b8e	0x28d0V0x2568V0x1b8e	0
0x28d2S0x2568S0x1b8e	0x28d2V0x2568V0x1b8e	0
0x28d5S0x2568S0x1b8e	0x28d5V0x2568V0x1b8e	0
0x28ebS0x2568S0x1b8e	0x28ebV0x2568V0x1b8e	0
0x28eeS0x2568S0x1b8e	0x28eeV0x2568V0x1b8e	0
0x28efS0x2568S0x1b8e	0x28efV0x2568V0x1b8e	0
0x2910S0x2568S0x1b8e	0x2910V0x2568V0x1b8e	0
0x2933S0x2568S0x1b8e	0x2933V0x2568V0x1b8e	0
0x2934S0x2568S0x1b8e	0x2934V0x2568V0x1b8e	0
0x2937S0x2568S0x1b8e	0x2937V0x2568V0x1b8e	0
0x2938S0x2568S0x1b8e	0x2938V0x2568V0x1b8e	0
0x2939S0x2568S0x1b8e	0x2939V0x2568V0x1b8e	0
0x293bS0x2568S0x1b8e	0x293bV0x2568V0x1b8e	0
0x293fS0x2568S0x1b8e	0x293fV0x2568V0x1b8e	0
0x2940S0x2568S0x1b8e	0x2940V0x2568V0x1b8e	0
0x2944S0x2568S0x1b8e	0x2944V0x2568V0x1b8e	0
0x2947S0x2568S0x1b8e	0x2947V0x2568V0x1b8e	0
0x2948S0x2568S0x1b8e	0x2948V0x2568V0x1b8e	0
0x2969S0x2568S0x1b8e	0x2969V0x2568V0x1b8e	0
0x25a40x285cS0x2568S0x1b8e	0x285c0x25a4V0x2568V0x1b8e	0
0x25830x285cS0x2568S0x1b8e	0x285c0x2583V0x2568V0x1b8e	0
0x25820x285cS0x2568S0x1b8e	0x285c0x2582V0x2568V0x1b8e	0
0x257f0x285cS0x2568S0x1b8e	0x285c0x257fV0x2568V0x1b8e	0
0x285dS0x2568S0x1b8e	0x285dV0x2568V0x1b8e	0
0x285fS0x2568S0x1b8e	0x285fV0x2568V0x1b8e	0
0x2860S0x2568S0x1b8e	0x2860V0x2568V0x1b8e	0
0x2864S0x2568S0x1b8e	0x2864V0x2568V0x1b8e	0
0x2865S0x2568S0x1b8e	0x2865V0x2568V0x1b8e	0
0x2867S0x2568S0x1b8e	0x2867V0x2568V0x1b8e	0
0x2869S0x2568S0x1b8e	0x2869V0x2568V0x1b8e	0
0x2877S0x2568S0x1b8e	0x2877V0x2568V0x1b8e	0
0x2875_0x0S0x2568S0x1b8e	0x2875_0x0V0x2568V0x1b8e	0
0x2884S0x2568S0x1b8e	0x2884V0x2568V0x1b8e	0
0x2883_0x0S0x2568S0x1b8e	0x2883_0x0V0x2568V0x1b8e	0
0x28d9S0x2568S0x1b8e	0x28d9V0x2568V0x1b8e	0
0x28dbS0x2568S0x1b8e	0x28dbV0x2568V0x1b8e	0
0x28dcS0x2568S0x1b8e	0x28dcV0x2568V0x1b8e	0
0x28e0S0x2568S0x1b8e	0x28e0V0x2568V0x1b8e	0
0x28e1S0x2568S0x1b8e	0x28e1V0x2568V0x1b8e	0
0x28e3S0x2568S0x1b8e	0x28e3V0x2568V0x1b8e	0
0x28e4S0x2568S0x1b8e	0x28e4V0x2568V0x1b8e	0
0x28e6S0x2568S0x1b8e	0x28e6V0x2568V0x1b8e	0
0x28e7S0x2568S0x1b8e	0x28e7V0x2568V0x1b8e	0
0x286eS0x2568S0x1b8e	0x286eV0x2568V0x1b8e	0
0x2871S0x2568S0x1b8e	0x2871V0x2568V0x1b8e	0
0x287cS0x2568S0x1b8e	0x287cV0x2568V0x1b8e	0
0x287eS0x2568S0x1b8e	0x287eV0x2568V0x1b8e	0
0x287fS0x2568S0x1b8e	0x287fV0x2568V0x1b8e	0
0x2881S0x2568S0x1b8e	0x2881V0x2568V0x1b8e	0
0x2882S0x2568S0x1b8e	0x2882V0x2568V0x1b8e	0
0x257b0x285cS0x2568S0x1b8e	0x285c0x257bV0x2568V0x1b8e	0
0x257a0x285cS0x2568S0x1b8e	0x285c0x257aV0x2568V0x1b8e	0
0x2481S0x286dS0x2568S0x1b8e	0x2481V0x286dV0x2568V0x1b8e	0
0x2482S0x286dS0x2568S0x1b8e	0x2482V0x286dV0x2568V0x1b8e	0
0x2483S0x286dS0x2568S0x1b8e	0x2483V0x286dV0x2568V0x1b8e	0
0x299aS0x2570S0x1b8e	0x299aV0x2570V0x1b8e	0
0x299cS0x2570S0x1b8e	0x299cV0x2570V0x1b8e	0
0x299dS0x2570S0x1b8e	0x299dV0x2570V0x1b8e	0
0x29c0S0x2570S0x1b8e	0x29c0V0x2570V0x1b8e	0
0x29c2S0x2570S0x1b8e	0x29c2V0x2570V0x1b8e	0
0x29c5S0x2570S0x1b8e	0x29c5V0x2570V0x1b8e	0
0x29c7S0x2570S0x1b8e	0x29c7V0x2570V0x1b8e	0
0x29caS0x2570S0x1b8e	0x29caV0x2570V0x1b8e	0
0x29cdS0x2570S0x1b8e	0x29cdV0x2570V0x1b8e	0
0x29d1S0x2570S0x1b8e	0x29d1V0x2570V0x1b8e	0
0x29d3S0x2570S0x1b8e	0x29d3V0x2570V0x1b8e	0
0x29d5S0x2570S0x1b8e	0x29d5V0x2570V0x1b8e	0
0x29d8S0x2570S0x1b8e	0x29d8V0x2570V0x1b8e	0
0x29dcS0x2570S0x1b8e	0x29dcV0x2570V0x1b8e	0
0x29deS0x2570S0x1b8e	0x29deV0x2570V0x1b8e	0
0x29e2S0x2570S0x1b8e	0x29e2V0x2570V0x1b8e	0
0x29e4S0x2570S0x1b8e	0x29e4V0x2570V0x1b8e	0
0x29e7S0x2570S0x1b8e	0x29e7V0x2570V0x1b8e	0
0x29fdS0x2570S0x1b8e	0x29fdV0x2570V0x1b8e	0
0x2a00S0x2570S0x1b8e	0x2a00V0x2570V0x1b8e	0
0x2a01S0x2570S0x1b8e	0x2a01V0x2570V0x1b8e	0
0x2a22S0x2570S0x1b8e	0x2a22V0x2570V0x1b8e	0
0x2a45S0x2570S0x1b8e	0x2a45V0x2570V0x1b8e	0
0x2a46S0x2570S0x1b8e	0x2a46V0x2570V0x1b8e	0
0x2a49S0x2570S0x1b8e	0x2a49V0x2570V0x1b8e	0
0x2a4aS0x2570S0x1b8e	0x2a4aV0x2570V0x1b8e	0
0x2a4bS0x2570S0x1b8e	0x2a4bV0x2570V0x1b8e	0
0x2a4dS0x2570S0x1b8e	0x2a4dV0x2570V0x1b8e	0
0x2ad4S0x2570S0x1b8e	0x2ad4V0x2570V0x1b8e	0
0x2ad7S0x2570S0x1b8e	0x2ad7V0x2570V0x1b8e	0
0x2ad8S0x2570S0x1b8e	0x2ad8V0x2570V0x1b8e	0
0x2af9S0x2570S0x1b8e	0x2af9V0x2570V0x1b8e	0
0x296fS0x2570S0x1b8e	0x296fV0x2570V0x1b8e	0
0x2971S0x2570S0x1b8e	0x2971V0x2570V0x1b8e	0
0x2972S0x2570S0x1b8e	0x2972V0x2570V0x1b8e	0
0x2976S0x2570S0x1b8e	0x2976V0x2570V0x1b8e	0
0x2977S0x2570S0x1b8e	0x2977V0x2570V0x1b8e	0
0x2979S0x2570S0x1b8e	0x2979V0x2570V0x1b8e	0
0x297bS0x2570S0x1b8e	0x297bV0x2570V0x1b8e	0
0x2989S0x2570S0x1b8e	0x2989V0x2570V0x1b8e	0
0x2987_0x0S0x2570S0x1b8e	0x2987_0x0V0x2570V0x1b8e	0
0x2996S0x2570S0x1b8e	0x2996V0x2570V0x1b8e	0
0x2995_0x0S0x2570S0x1b8e	0x2995_0x0V0x2570V0x1b8e	0
0x29ebS0x2570S0x1b8e	0x29ebV0x2570V0x1b8e	0
0x29edS0x2570S0x1b8e	0x29edV0x2570V0x1b8e	0
0x29eeS0x2570S0x1b8e	0x29eeV0x2570V0x1b8e	0
0x29f2S0x2570S0x1b8e	0x29f2V0x2570V0x1b8e	0
0x29f3S0x2570S0x1b8e	0x29f3V0x2570V0x1b8e	0
0x29f5S0x2570S0x1b8e	0x29f5V0x2570V0x1b8e	0
0x29f6S0x2570S0x1b8e	0x29f6V0x2570V0x1b8e	0
0x29f8S0x2570S0x1b8e	0x29f8V0x2570V0x1b8e	0
0x29f9S0x2570S0x1b8e	0x29f9V0x2570V0x1b8e	0
0x2a51S0x2570S0x1b8e	0x2a51V0x2570V0x1b8e	0
0x2a53S0x2570S0x1b8e	0x2a53V0x2570V0x1b8e	0
0x2a56S0x2570S0x1b8e	0x2a56V0x2570V0x1b8e	0
0x2a5bS0x2570S0x1b8e	0x2a5bV0x2570V0x1b8e	0
0x2a5eS0x2570S0x1b8e	0x2a5eV0x2570V0x1b8e	0
0x2a5fS0x2570S0x1b8e	0x2a5fV0x2570V0x1b8e	0
0x2a80S0x2570S0x1b8e	0x2a80V0x2570V0x1b8e	0
0x2a81S0x2570S0x1b8e	0x2a81V0x2570V0x1b8e	0
0x2a97S0x2570S0x1b8e	0x2a97V0x2570V0x1b8e	0
0x2a9aS0x2570S0x1b8e	0x2a9aV0x2570V0x1b8e	0
0x2a9eS0x2570S0x1b8e	0x2a9eV0x2570V0x1b8e	0
0x2aa0S0x2570S0x1b8e	0x2aa0V0x2570V0x1b8e	0
0x2aa5S0x2570S0x1b8e	0x2aa5V0x2570V0x1b8e	0
0x2aa8S0x2570S0x1b8e	0x2aa8V0x2570V0x1b8e	0
0x2acfS0x2570S0x1b8e	0x2acfV0x2570V0x1b8e	0
0x2ad0S0x2570S0x1b8e	0x2ad0V0x2570V0x1b8e	0
0x2980S0x2570S0x1b8e	0x2980V0x2570V0x1b8e	0
0x2983S0x2570S0x1b8e	0x2983V0x2570V0x1b8e	0
0x298eS0x2570S0x1b8e	0x298eV0x2570V0x1b8e	0
0x2990S0x2570S0x1b8e	0x2990V0x2570V0x1b8e	0
0x2991S0x2570S0x1b8e	0x2991V0x2570V0x1b8e	0
0x2993S0x2570S0x1b8e	0x2993V0x2570V0x1b8e	0
0x2994S0x2570S0x1b8e	0x2994V0x2570V0x1b8e	0
0x1ec3S0x2a50S0x2570S0x1b8e	0x1ec3V0x2a50V0x2570V0x1b8e	0
0x2481S0x297fS0x2570S0x1b8e	0x2481V0x297fV0x2570V0x1b8e	0
0x2482S0x297fS0x2570S0x1b8e	0x2482V0x297fV0x2570V0x1b8e	0
0x2483S0x297fS0x2570S0x1b8e	0x2483V0x297fV0x2570V0x1b8e	0
0x2627S0x1f71B0xce8	0x2627V0x1f71B0xce8	0
0x2632S0x1f71B0xce8	0x2632V0x1f71B0xce8	0
0x2634S0x1f71B0xce8	0x2634V0x1f71B0xce8	0
0x2635S0x1f71B0xce8	0x2635V0x1f71B0xce8	0
0x2658S0x1f71B0xce8	0x2658V0x1f71B0xce8	0
0x265aS0x1f71B0xce8	0x265aV0x1f71B0xce8	0
0x265dS0x1f71B0xce8	0x265dV0x1f71B0xce8	0
0x265fS0x1f71B0xce8	0x265fV0x1f71B0xce8	0
0x2662S0x1f71B0xce8	0x2662V0x1f71B0xce8	0
0x2665S0x1f71B0xce8	0x2665V0x1f71B0xce8	0
0x2669S0x1f71B0xce8	0x2669V0x1f71B0xce8	0
0x266bS0x1f71B0xce8	0x266bV0x1f71B0xce8	0
0x266dS0x1f71B0xce8	0x266dV0x1f71B0xce8	0
0x2670S0x1f71B0xce8	0x2670V0x1f71B0xce8	0
0x2674S0x1f71B0xce8	0x2674V0x1f71B0xce8	0
0x2676S0x1f71B0xce8	0x2676V0x1f71B0xce8	0
0x267aS0x1f71B0xce8	0x267aV0x1f71B0xce8	0
0x267cS0x1f71B0xce8	0x267cV0x1f71B0xce8	0
0x267fS0x1f71B0xce8	0x267fV0x1f71B0xce8	0
0x260eS0x1f71B0xce8	0x260eV0x1f71B0xce8	0
0x2612S0x1f71B0xce8	0x2612V0x1f71B0xce8	0
0x2613S0x1f71B0xce8	0x2613V0x1f71B0xce8	0
0x262dS0x1f71B0xce8	0x262dV0x1f71B0xce8	0
0x262eS0x1f71B0xce8	0x262eV0x1f71B0xce8	0
0x25abS0x1f71B0xce8	0x25abV0x1f71B0xce8	0
0x25adS0x1f71B0xce8	0x25adV0x1f71B0xce8	0
0x25b1S0x1f71B0xce8	0x25b1V0x1f71B0xce8	0
0x25b3S0x1f71B0xce8	0x25b3V0x1f71B0xce8	0
0x25b5S0x1f71B0xce8	0x25b5V0x1f71B0xce8	0
0x25b7S0x1f71B0xce8	0x25b7V0x1f71B0xce8	0
0x25b8S0x1f71B0xce8	0x25b8V0x1f71B0xce8	0
0x25bcS0x1f71B0xce8	0x25bcV0x1f71B0xce8	0
0x25c0S0x1f71B0xce8	0x25c0V0x1f71B0xce8	0
0x25c2S0x1f71B0xce8	0x25c2V0x1f71B0xce8	0
0x25c3S0x1f71B0xce8	0x25c3V0x1f71B0xce8	0
0x25e8S0x1f71B0xce8	0x25e8V0x1f71B0xce8	0
0x25fdS0x1f71B0xce8	0x25fdV0x1f71B0xce8	0
0x25feS0x1f71B0xce8	0x25feV0x1f71B0xce8	0
0x2605S0x1f71B0xce8	0x2605V0x1f71B0xce8	0
0x260aS0x1f71B0xce8	0x260aV0x1f71B0xce8	0
0x2619S0x1f71B0xce8	0x2619V0x1f71B0xce8	0
0x261bS0x1f71B0xce8	0x261bV0x1f71B0xce8	0
0x261dS0x1f71B0xce8	0x261dV0x1f71B0xce8	0
0x261eS0x1f71B0xce8	0x261eV0x1f71B0xce8	0
0x2621S0x1f71B0xce8	0x2621V0x1f71B0xce8	0
0x2622S0x1f71B0xce8	0x2622V0x1f71B0xce8	0
0x2623S0x1f71B0xce8	0x2623V0x1f71B0xce8	0
0x2affS0x25aaS0x1f71B0xce8	0x2affV0x25aaV0x1f71B0xce8	0
0x2b01S0x25aaS0x1f71B0xce8	0x2b01V0x25aaV0x1f71B0xce8	0
0x2b06S0x25aaS0x1f71B0xce8	0x2b06V0x25aaV0x1f71B0xce8	0
0x2b09S0x25aaS0x1f71B0xce8	0x2b09V0x25aaV0x1f71B0xce8	0
0x2b9fS0x2afeS0x25aaS0x1f71B0xce8	0x2b9fV0x2afeV0x25aaV0x1f71B0xce8	0
0x2ba1S0x2afeS0x25aaS0x1f71B0xce8	0x2ba1V0x2afeV0x25aaV0x1f71B0xce8	0
0x2ba2S0x2afeS0x25aaS0x1f71B0xce8	0x2ba2V0x2afeV0x25aaV0x1f71B0xce8	0
0x2bc5S0x2afeS0x25aaS0x1f71B0xce8	0x2bc5V0x2afeV0x25aaV0x1f71B0xce8	0
0x2bc7S0x2afeS0x25aaS0x1f71B0xce8	0x2bc7V0x2afeV0x25aaV0x1f71B0xce8	0
0x2bcaS0x2afeS0x25aaS0x1f71B0xce8	0x2bcaV0x2afeV0x25aaV0x1f71B0xce8	0
0x2bccS0x2afeS0x25aaS0x1f71B0xce8	0x2bccV0x2afeV0x25aaV0x1f71B0xce8	0
0x2bcfS0x2afeS0x25aaS0x1f71B0xce8	0x2bcfV0x2afeV0x25aaV0x1f71B0xce8	0
0x2bd2S0x2afeS0x25aaS0x1f71B0xce8	0x2bd2V0x2afeV0x25aaV0x1f71B0xce8	0
0x2bd6S0x2afeS0x25aaS0x1f71B0xce8	0x2bd6V0x2afeV0x25aaV0x1f71B0xce8	0
0x2bd8S0x2afeS0x25aaS0x1f71B0xce8	0x2bd8V0x2afeV0x25aaV0x1f71B0xce8	0
0x2bdaS0x2afeS0x25aaS0x1f71B0xce8	0x2bdaV0x2afeV0x25aaV0x1f71B0xce8	0
0x2bddS0x2afeS0x25aaS0x1f71B0xce8	0x2bddV0x2afeV0x25aaV0x1f71B0xce8	0
0x2be1S0x2afeS0x25aaS0x1f71B0xce8	0x2be1V0x2afeV0x25aaV0x1f71B0xce8	0
0x2be3S0x2afeS0x25aaS0x1f71B0xce8	0x2be3V0x2afeV0x25aaV0x1f71B0xce8	0
0x2be7S0x2afeS0x25aaS0x1f71B0xce8	0x2be7V0x2afeV0x25aaV0x1f71B0xce8	0
0x2be9S0x2afeS0x25aaS0x1f71B0xce8	0x2be9V0x2afeV0x25aaV0x1f71B0xce8	0
0x2becS0x2afeS0x25aaS0x1f71B0xce8	0x2becV0x2afeV0x25aaV0x1f71B0xce8	0
0x2bfdS0x2afeS0x25aaS0x1f71B0xce8	0x2bfdV0x2afeV0x25aaV0x1f71B0xce8	0
0x2c00S0x2afeS0x25aaS0x1f71B0xce8	0x2c00V0x2afeV0x25aaV0x1f71B0xce8	0
0x2c01S0x2afeS0x25aaS0x1f71B0xce8	0x2c01V0x2afeV0x25aaV0x1f71B0xce8	0
0x2c24S0x2afeS0x25aaS0x1f71B0xce8	0x2c24V0x2afeV0x25aaV0x1f71B0xce8	0
0x2c26S0x2afeS0x25aaS0x1f71B0xce8	0x2c26V0x2afeV0x25aaV0x1f71B0xce8	0
0x2c29S0x2afeS0x25aaS0x1f71B0xce8	0x2c29V0x2afeV0x25aaV0x1f71B0xce8	0
0x2c2bS0x2afeS0x25aaS0x1f71B0xce8	0x2c2bV0x2afeV0x25aaV0x1f71B0xce8	0
0x2c2dS0x2afeS0x25aaS0x1f71B0xce8	0x2c2dV0x2afeV0x25aaV0x1f71B0xce8	0
0x2c30S0x2afeS0x25aaS0x1f71B0xce8	0x2c30V0x2afeV0x25aaV0x1f71B0xce8	0
0x2c32S0x2afeS0x25aaS0x1f71B0xce8	0x2c32V0x2afeV0x25aaV0x1f71B0xce8	0
0x2c53S0x2afeS0x25aaS0x1f71B0xce8	0x2c53V0x2afeV0x25aaV0x1f71B0xce8	0
0x2c56S0x2afeS0x25aaS0x1f71B0xce8	0x2c56V0x2afeV0x25aaV0x1f71B0xce8	0
0x2c59S0x2afeS0x25aaS0x1f71B0xce8	0x2c59V0x2afeV0x25aaV0x1f71B0xce8	0
0x2c5dS0x2afeS0x25aaS0x1f71B0xce8	0x2c5dV0x2afeV0x25aaV0x1f71B0xce8	0
0x2c5eS0x2afeS0x25aaS0x1f71B0xce8	0x2c5eV0x2afeV0x25aaV0x1f71B0xce8	0
0x2c60S0x2afeS0x25aaS0x1f71B0xce8	0x2c60V0x2afeV0x25aaV0x1f71B0xce8	0
0x2d0eS0x2afeS0x25aaS0x1f71B0xce8	0x2d0eV0x2afeV0x25aaV0x1f71B0xce8	0
0x2d10S0x2afeS0x25aaS0x1f71B0xce8	0x2d10V0x2afeV0x25aaV0x1f71B0xce8	0
0x2d13S0x2afeS0x25aaS0x1f71B0xce8	0x2d13V0x2afeV0x25aaV0x1f71B0xce8	0
0x2d15S0x2afeS0x25aaS0x1f71B0xce8	0x2d15V0x2afeV0x25aaV0x1f71B0xce8	0
0x2d16S0x2afeS0x25aaS0x1f71B0xce8	0x2d16V0x2afeV0x25aaV0x1f71B0xce8	0
0x2d18S0x2afeS0x25aaS0x1f71B0xce8	0x2d18V0x2afeV0x25aaV0x1f71B0xce8	0
0x2d19S0x2afeS0x25aaS0x1f71B0xce8	0x2d19V0x2afeV0x25aaV0x1f71B0xce8	0
0x2d1aS0x2afeS0x25aaS0x1f71B0xce8	0x2d1aV0x2afeV0x25aaV0x1f71B0xce8	0
0x2d1cS0x2afeS0x25aaS0x1f71B0xce8	0x2d1cV0x2afeV0x25aaV0x1f71B0xce8	0
0x2d1dS0x2afeS0x25aaS0x1f71B0xce8	0x2d1dV0x2afeV0x25aaV0x1f71B0xce8	0
0x2d20S0x2afeS0x25aaS0x1f71B0xce8	0x2d20V0x2afeV0x25aaV0x1f71B0xce8	0
0x2d23S0x2afeS0x25aaS0x1f71B0xce8	0x2d23V0x2afeV0x25aaV0x1f71B0xce8	0
0x2d24S0x2afeS0x25aaS0x1f71B0xce8	0x2d24V0x2afeV0x25aaV0x1f71B0xce8	0
0x2d26S0x2afeS0x25aaS0x1f71B0xce8	0x2d26V0x2afeV0x25aaV0x1f71B0xce8	0
0x2d29S0x2afeS0x25aaS0x1f71B0xce8	0x2d29V0x2afeV0x25aaV0x1f71B0xce8	0
0x2d2bS0x2afeS0x25aaS0x1f71B0xce8	0x2d2bV0x2afeV0x25aaV0x1f71B0xce8	0
0x2b95S0x2afeS0x25aaS0x1f71B0xce8	0x2b95V0x2afeV0x25aaV0x1f71B0xce8	0
0x2b98S0x2afeS0x25aaS0x1f71B0xce8	0x2b98V0x2afeV0x25aaV0x1f71B0xce8	0
0x2b99S0x2afeS0x25aaS0x1f71B0xce8	0x2b99V0x2afeV0x25aaV0x1f71B0xce8	0
0x2b9aS0x2afeS0x25aaS0x1f71B0xce8	0x2b9aV0x2afeV0x25aaV0x1f71B0xce8	0
0x2b9bS0x2afeS0x25aaS0x1f71B0xce8	0x2b9bV0x2afeV0x25aaV0x1f71B0xce8	0
0x2bf0S0x2afeS0x25aaS0x1f71B0xce8	0x2bf0V0x2afeV0x25aaV0x1f71B0xce8	0
0x2bf4S0x2afeS0x25aaS0x1f71B0xce8	0x2bf4V0x2afeV0x25aaV0x1f71B0xce8	0
0x2bf9S0x2afeS0x25aaS0x1f71B0xce8	0x2bf9V0x2afeV0x25aaV0x1f71B0xce8	0
0x2d50S0x2afeS0x25aaS0x1f71B0xce8	0x2d50V0x2afeV0x25aaV0x1f71B0xce8	0
0x2d51S0x2afeS0x25aaS0x1f71B0xce8	0x2d51V0x2afeV0x25aaV0x1f71B0xce8	0
0x2d52S0x2afeS0x25aaS0x1f71B0xce8	0x2d52V0x2afeV0x25aaV0x1f71B0xce8	0
0x2c64S0x2afeS0x25aaS0x1f71B0xce8	0x2c64V0x2afeV0x25aaV0x1f71B0xce8	0
0x2c66S0x2afeS0x25aaS0x1f71B0xce8	0x2c66V0x2afeV0x25aaV0x1f71B0xce8	0
0x2c69S0x2afeS0x25aaS0x1f71B0xce8	0x2c69V0x2afeV0x25aaV0x1f71B0xce8	0
0x2c7eS0x2afeS0x25aaS0x1f71B0xce8	0x2c7eV0x2afeV0x25aaV0x1f71B0xce8	0
0x2c81S0x2afeS0x25aaS0x1f71B0xce8	0x2c81V0x2afeV0x25aaV0x1f71B0xce8	0
0x2c83S0x2afeS0x25aaS0x1f71B0xce8	0x2c83V0x2afeV0x25aaV0x1f71B0xce8	0
0x2c87S0x2afeS0x25aaS0x1f71B0xce8	0x2c87V0x2afeV0x25aaV0x1f71B0xce8	0
0x2c89S0x2afeS0x25aaS0x1f71B0xce8	0x2c89V0x2afeV0x25aaV0x1f71B0xce8	0
0x2c8bS0x2afeS0x25aaS0x1f71B0xce8	0x2c8bV0x2afeV0x25aaV0x1f71B0xce8	0
0x2cceS0x2afeS0x25aaS0x1f71B0xce8	0x2cceV0x2afeV0x25aaV0x1f71B0xce8	0
0x2cd1S0x2afeS0x25aaS0x1f71B0xce8	0x2cd1V0x2afeV0x25aaV0x1f71B0xce8	0
0x2cd3S0x2afeS0x25aaS0x1f71B0xce8	0x2cd3V0x2afeV0x25aaV0x1f71B0xce8	0
0x2cd4S0x2afeS0x25aaS0x1f71B0xce8	0x2cd4V0x2afeV0x25aaV0x1f71B0xce8	0
0x2cd7S0x2afeS0x25aaS0x1f71B0xce8	0x2cd7V0x2afeV0x25aaV0x1f71B0xce8	0
0x2cd8S0x2afeS0x25aaS0x1f71B0xce8	0x2cd8V0x2afeV0x25aaV0x1f71B0xce8	0
0x2cdaS0x2afeS0x25aaS0x1f71B0xce8	0x2cdaV0x2afeV0x25aaV0x1f71B0xce8	0
0x2cdcS0x2afeS0x25aaS0x1f71B0xce8	0x2cdcV0x2afeV0x25aaV0x1f71B0xce8	0
0x2cddS0x2afeS0x25aaS0x1f71B0xce8	0x2cddV0x2afeV0x25aaV0x1f71B0xce8	0
0x2ce0S0x2afeS0x25aaS0x1f71B0xce8	0x2ce0V0x2afeV0x25aaV0x1f71B0xce8	0
0x2ce1S0x2afeS0x25aaS0x1f71B0xce8	0x2ce1V0x2afeV0x25aaV0x1f71B0xce8	0
0x2ce4S0x2afeS0x25aaS0x1f71B0xce8	0x2ce4V0x2afeV0x25aaV0x1f71B0xce8	0
0x2cefS0x2afeS0x25aaS0x1f71B0xce8	0x2cefV0x2afeV0x25aaV0x1f71B0xce8	0
0x2cf3S0x2afeS0x25aaS0x1f71B0xce8	0x2cf3V0x2afeV0x25aaV0x1f71B0xce8	0
0x2cf5S0x2afeS0x25aaS0x1f71B0xce8	0x2cf5V0x2afeV0x25aaV0x1f71B0xce8	0
0x2cf7S0x2afeS0x25aaS0x1f71B0xce8	0x2cf7V0x2afeV0x25aaV0x1f71B0xce8	0
0x2cfaS0x2afeS0x25aaS0x1f71B0xce8	0x2cfaV0x2afeV0x25aaV0x1f71B0xce8	0
0x2cfeS0x2afeS0x25aaS0x1f71B0xce8	0x2cfeV0x2afeV0x25aaV0x1f71B0xce8	0
0x2cffS0x2afeS0x25aaS0x1f71B0xce8	0x2cffV0x2afeV0x25aaV0x1f71B0xce8	0
0x2d04S0x2afeS0x25aaS0x1f71B0xce8	0x2d04V0x2afeV0x25aaV0x1f71B0xce8	0
0x2d06S0x2afeS0x25aaS0x1f71B0xce8	0x2d06V0x2afeV0x25aaV0x1f71B0xce8	0
0x2d09S0x2afeS0x25aaS0x1f71B0xce8	0x2d09V0x2afeV0x25aaV0x1f71B0xce8	0
0x2d0aS0x2afeS0x25aaS0x1f71B0xce8	0x2d0aV0x2afeV0x25aaV0x1f71B0xce8	0
0x2ccd_0x0S0x2afeS0x25aaS0x1f71B0xce8	0x2ccd_0x0V0x2afeV0x25aaV0x1f71B0xce8	0
0x2ccd_0x1S0x2afeS0x25aaS0x1f71B0xce8	0x2ccd_0x1V0x2afeV0x25aaV0x1f71B0xce8	0
0x2ccd_0x2S0x2afeS0x25aaS0x1f71B0xce8	0x2ccd_0x2V0x2afeV0x25aaV0x1f71B0xce8	0
0x2c91S0x2afeS0x25aaS0x1f71B0xce8	0x2c91V0x2afeV0x25aaV0x1f71B0xce8	0
0x2c94S0x2afeS0x25aaS0x1f71B0xce8	0x2c94V0x2afeV0x25aaV0x1f71B0xce8	0
0x2c95S0x2afeS0x25aaS0x1f71B0xce8	0x2c95V0x2afeV0x25aaV0x1f71B0xce8	0
0x2c90_0x2S0x2afeS0x25aaS0x1f71B0xce8	0x2c90_0x2V0x2afeV0x25aaV0x1f71B0xce8	0
0x2d30S0x2afeS0x25aaS0x1f71B0xce8	0x2d30V0x2afeV0x25aaV0x1f71B0xce8	0
0x2d3aS0x2afeS0x25aaS0x1f71B0xce8	0x2d3aV0x2afeV0x25aaV0x1f71B0xce8	0
0x2d40S0x2afeS0x25aaS0x1f71B0xce8	0x2d40V0x2afeV0x25aaV0x1f71B0xce8	0
0x2d34_0x1S0x2afeS0x25aaS0x1f71B0xce8	0x2d34_0x1V0x2afeV0x25aaV0x1f71B0xce8	0
0x2c9aS0x2afeS0x25aaS0x1f71B0xce8	0x2c9aV0x2afeV0x25aaV0x1f71B0xce8	0
0x2c9dS0x2afeS0x25aaS0x1f71B0xce8	0x2c9dV0x2afeV0x25aaV0x1f71B0xce8	0
0x2cc0S0x2afeS0x25aaS0x1f71B0xce8	0x2cc0V0x2afeV0x25aaV0x1f71B0xce8	0
0x2cc2S0x2afeS0x25aaS0x1f71B0xce8	0x2cc2V0x2afeV0x25aaV0x1f71B0xce8	0
0x2cc6S0x2afeS0x25aaS0x1f71B0xce8	0x2cc6V0x2afeV0x25aaV0x1f71B0xce8	0
0x2cc8S0x2afeS0x25aaS0x1f71B0xce8	0x2cc8V0x2afeV0x25aaV0x1f71B0xce8	0
0x2cc9S0x2afeS0x25aaS0x1f71B0xce8	0x2cc9V0x2afeV0x25aaV0x1f71B0xce8	0
0x2c99_0x0S0x2afeS0x25aaS0x1f71B0xce8	0x2c99_0x0V0x2afeV0x25aaV0x1f71B0xce8	0
0x2c99_0x1S0x2afeS0x25aaS0x1f71B0xce8	0x2c99_0x1V0x2afeV0x25aaV0x1f71B0xce8	0
0x2c99_0x2S0x2afeS0x25aaS0x1f71B0xce8	0x2c99_0x2V0x2afeV0x25aaV0x1f71B0xce8	0
0x2d56S0x2d34S0x2afeS0x25aaS0x1f71B0xce8	0x2d56V0x2d34V0x2afeV0x25aaV0x1f71B0xce8	0
0x2d59S0x2d34S0x2afeS0x25aaS0x1f71B0xce8	0x2d59V0x2d34V0x2afeV0x25aaV0x1f71B0xce8	0
0x2d5aS0x2d34S0x2afeS0x25aaS0x1f71B0xce8	0x2d5aV0x2d34V0x2afeV0x25aaV0x1f71B0xce8	0
0x2d66S0x2d34S0x2afeS0x25aaS0x1f71B0xce8	0x2d66V0x2d34V0x2afeV0x25aaV0x1f71B0xce8	0
0x2d67S0x2d34S0x2afeS0x25aaS0x1f71B0xce8	0x2d67V0x2d34V0x2afeV0x25aaV0x1f71B0xce8	0
0x2d68S0x2d34S0x2afeS0x25aaS0x1f71B0xce8	0x2d68V0x2d34V0x2afeV0x25aaV0x1f71B0xce8	0
0x2d75S0x2d34S0x2afeS0x25aaS0x1f71B0xce8	0x2d75V0x2d34V0x2afeV0x25aaV0x1f71B0xce8	0
0x2d77S0x2d34S0x2afeS0x25aaS0x1f71B0xce8	0x2d77V0x2d34V0x2afeV0x25aaV0x1f71B0xce8	0
0x2d78S0x2d34S0x2afeS0x25aaS0x1f71B0xce8	0x2d78V0x2d34V0x2afeV0x25aaV0x1f71B0xce8	0
0x2d9bS0x2d34S0x2afeS0x25aaS0x1f71B0xce8	0x2d9bV0x2d34V0x2afeV0x25aaV0x1f71B0xce8	0
0x2d9dS0x2d34S0x2afeS0x25aaS0x1f71B0xce8	0x2d9dV0x2d34V0x2afeV0x25aaV0x1f71B0xce8	0
0x2da0S0x2d34S0x2afeS0x25aaS0x1f71B0xce8	0x2da0V0x2d34V0x2afeV0x25aaV0x1f71B0xce8	0
0x2da5S0x2d34S0x2afeS0x25aaS0x1f71B0xce8	0x2da5V0x2d34V0x2afeV0x25aaV0x1f71B0xce8	0
0x2da6S0x2d34S0x2afeS0x25aaS0x1f71B0xce8	0x2da6V0x2d34V0x2afeV0x25aaV0x1f71B0xce8	0
0x2da9S0x2d34S0x2afeS0x25aaS0x1f71B0xce8	0x2da9V0x2d34V0x2afeV0x25aaV0x1f71B0xce8	0
0x2dacS0x2d34S0x2afeS0x25aaS0x1f71B0xce8	0x2dacV0x2d34V0x2afeV0x25aaV0x1f71B0xce8	0
0x2db3S0x2d34S0x2afeS0x25aaS0x1f71B0xce8	0x2db3V0x2d34V0x2afeV0x25aaV0x1f71B0xce8	0
0x2db5S0x2d34S0x2afeS0x25aaS0x1f71B0xce8	0x2db5V0x2d34V0x2afeV0x25aaV0x1f71B0xce8	0
0x2db9S0x2d34S0x2afeS0x25aaS0x1f71B0xce8	0x2db9V0x2d34V0x2afeV0x25aaV0x1f71B0xce8	0
0x2dbeS0x2d34S0x2afeS0x25aaS0x1f71B0xce8	0x2dbeV0x2d34V0x2afeV0x25aaV0x1f71B0xce8	0
0x2dc1S0x2d34S0x2afeS0x25aaS0x1f71B0xce8	0x2dc1V0x2d34V0x2afeV0x25aaV0x1f71B0xce8	0
0x2dc2S0x2d34S0x2afeS0x25aaS0x1f71B0xce8	0x2dc2V0x2d34V0x2afeV0x25aaV0x1f71B0xce8	0
0x2d60S0x2d34S0x2afeS0x25aaS0x1f71B0xce8	0x2d60V0x2d34V0x2afeV0x25aaV0x1f71B0xce8	0
0x2d6dS0x2d34S0x2afeS0x25aaS0x1f71B0xce8	0x2d6dV0x2d34V0x2afeV0x25aaV0x1f71B0xce8	0
0x2d70S0x2d34S0x2afeS0x25aaS0x1f71B0xce8	0x2d70V0x2d34V0x2afeV0x25aaV0x1f71B0xce8	0
0x2d72S0x2d34S0x2afeS0x25aaS0x1f71B0xce8	0x2d72V0x2d34V0x2afeV0x25aaV0x1f71B0xce8	0
0x2dc8S0x2d34S0x2afeS0x25aaS0x1f71B0xce8	0x2dc8V0x2d34V0x2afeV0x25aaV0x1f71B0xce8	0
0x2dc9S0x2d34S0x2afeS0x25aaS0x1f71B0xce8	0x2dc9V0x2d34V0x2afeV0x25aaV0x1f71B0xce8	0
0x2dccS0x2d34S0x2afeS0x25aaS0x1f71B0xce8	0x2dccV0x2d34V0x2afeV0x25aaV0x1f71B0xce8	0
0x2dceS0x2d34S0x2afeS0x25aaS0x1f71B0xce8	0x2dceV0x2d34V0x2afeV0x25aaV0x1f71B0xce8	0
0x2dd0S0x2d34S0x2afeS0x25aaS0x1f71B0xce8	0x2dd0V0x2d34V0x2afeV0x25aaV0x1f71B0xce8	0
0x2dd1S0x2d34S0x2afeS0x25aaS0x1f71B0xce8	0x2dd1V0x2d34V0x2afeV0x25aaV0x1f71B0xce8	0
0x26dd0x2d55S0x2d34S0x2afeS0x25aaS0x1f71B0xce8	0x2d550x26ddV0x2d34V0x2afeV0x25aaV0x1f71B0xce8	0
0x26d80x2d55_0x0S0x2d34S0x2afeS0x25aaS0x1f71B0xce8	0x26d80x2d55_0x0V0x2d34V0x2afeV0x25aaV0x1f71B0xce8	0
0x26dc0x2d55S0x2d34S0x2afeS0x25aaS0x1f71B0xce8	0x2d550x26dcV0x2d34V0x2afeV0x25aaV0x1f71B0xce8	0
0x26db0x2d55S0x2d34S0x2afeS0x25aaS0x1f71B0xce8	0x2d550x26dbV0x2d34V0x2afeV0x25aaV0x1f71B0xce8	0
0x26ec0x2d55S0x2d34S0x2afeS0x25aaS0x1f71B0xce8	0x2d550x26ecV0x2d34V0x2afeV0x25aaV0x1f71B0xce8	0
0x26e10x2d55_0x0S0x2d34S0x2afeS0x25aaS0x1f71B0xce8	0x26e10x2d55_0x0V0x2d34V0x2afeV0x25aaV0x1f71B0xce8	0
0x26eb0x2d55S0x2d34S0x2afeS0x25aaS0x1f71B0xce8	0x2d550x26ebV0x2d34V0x2afeV0x25aaV0x1f71B0xce8	0
0x26e90x2d55S0x2d34S0x2afeS0x25aaS0x1f71B0xce8	0x2d550x26e9V0x2d34V0x2afeV0x25aaV0x1f71B0xce8	0
0x26e70x2d55S0x2d34S0x2afeS0x25aaS0x1f71B0xce8	0x2d550x26e7V0x2d34V0x2afeV0x25aaV0x1f71B0xce8	0
0x26e40x2d55S0x2d34S0x2afeS0x25aaS0x1f71B0xce8	0x2d550x26e4V0x2d34V0x2afeV0x25aaV0x1f71B0xce8	0
0x26e30x2d55S0x2d34S0x2afeS0x25aaS0x1f71B0xce8	0x2d550x26e3V0x2d34V0x2afeV0x25aaV0x1f71B0xce8	0
0x27000x2d55S0x2d34S0x2afeS0x25aaS0x1f71B0xce8	0x2d550x2700V0x2d34V0x2afeV0x25aaV0x1f71B0xce8	0
0x26ff0x2d55S0x2d34S0x2afeS0x25aaS0x1f71B0xce8	0x2d550x26ffV0x2d34V0x2afeV0x25aaV0x1f71B0xce8	0
0x26fd0x2d55S0x2d34S0x2afeS0x25aaS0x1f71B0xce8	0x2d550x26fdV0x2d34V0x2afeV0x25aaV0x1f71B0xce8	0
0x26fb0x2d55S0x2d34S0x2afeS0x25aaS0x1f71B0xce8	0x2d550x26fbV0x2d34V0x2afeV0x25aaV0x1f71B0xce8	0
0x26f90x2d55S0x2d34S0x2afeS0x25aaS0x1f71B0xce8	0x2d550x26f9V0x2d34V0x2afeV0x25aaV0x1f71B0xce8	0
0x271a0x2d55S0x2d34S0x2afeS0x25aaS0x1f71B0xce8	0x2d550x271aV0x2d34V0x2afeV0x25aaV0x1f71B0xce8	0
0x27180x2d55S0x2d34S0x2afeS0x25aaS0x1f71B0xce8	0x2d550x2718V0x2d34V0x2afeV0x25aaV0x1f71B0xce8	0
0x27150x2d55S0x2d34S0x2afeS0x25aaS0x1f71B0xce8	0x2d550x2715V0x2d34V0x2afeV0x25aaV0x1f71B0xce8	0
0x27140x2d55S0x2d34S0x2afeS0x25aaS0x1f71B0xce8	0x2d550x2714V0x2d34V0x2afeV0x25aaV0x1f71B0xce8	0
0x27130x2d55S0x2d34S0x2afeS0x25aaS0x1f71B0xce8	0x2d550x2713V0x2d34V0x2afeV0x25aaV0x1f71B0xce8	0
0x27120x2d55S0x2d34S0x2afeS0x25aaS0x1f71B0xce8	0x2d550x2712V0x2d34V0x2afeV0x25aaV0x1f71B0xce8	0
0x270f0x2d55S0x2d34S0x2afeS0x25aaS0x1f71B0xce8	0x2d550x270fV0x2d34V0x2afeV0x25aaV0x1f71B0xce8	0
0x270e0x2d55S0x2d34S0x2afeS0x25aaS0x1f71B0xce8	0x2d550x270eV0x2d34V0x2afeV0x25aaV0x1f71B0xce8	0
0x270c0x2d55S0x2d34S0x2afeS0x25aaS0x1f71B0xce8	0x2d550x270cV0x2d34V0x2afeV0x25aaV0x1f71B0xce8	0
0x27090x2d55S0x2d34S0x2afeS0x25aaS0x1f71B0xce8	0x2d550x2709V0x2d34V0x2afeV0x25aaV0x1f71B0xce8	0
0x27080x2d55S0x2d34S0x2afeS0x25aaS0x1f71B0xce8	0x2d550x2708V0x2d34V0x2afeV0x25aaV0x1f71B0xce8	0
0x27060x2d55S0x2d34S0x2afeS0x25aaS0x1f71B0xce8	0x2d550x2706V0x2d34V0x2afeV0x25aaV0x1f71B0xce8	0
0x271d0x2d55_0x1S0x2d34S0x2afeS0x25aaS0x1f71B0xce8	0x271d0x2d55_0x1V0x2d34V0x2afeV0x25aaV0x1f71B0xce8	0
0x27280x2d55S0x2d34S0x2afeS0x25aaS0x1f71B0xce8	0x2d550x2728V0x2d34V0x2afeV0x25aaV0x1f71B0xce8	0
0x27250x2d55S0x2d34S0x2afeS0x25aaS0x1f71B0xce8	0x2d550x2725V0x2d34V0x2afeV0x25aaV0x1f71B0xce8	0
0x27230x2d55S0x2d34S0x2afeS0x25aaS0x1f71B0xce8	0x2d550x2723V0x2d34V0x2afeV0x25aaV0x1f71B0xce8	0
0x2627S0x23ebB0x18ed	0x2627V0x23ebB0x18ed	0
0x2632S0x23ebB0x18ed	0x2632V0x23ebB0x18ed	0
0x2634S0x23ebB0x18ed	0x2634V0x23ebB0x18ed	0
0x2635S0x23ebB0x18ed	0x2635V0x23ebB0x18ed	0
0x2658S0x23ebB0x18ed	0x2658V0x23ebB0x18ed	0
0x265aS0x23ebB0x18ed	0x265aV0x23ebB0x18ed	0
0x265dS0x23ebB0x18ed	0x265dV0x23ebB0x18ed	0
0x265fS0x23ebB0x18ed	0x265fV0x23ebB0x18ed	0
0x2662S0x23ebB0x18ed	0x2662V0x23ebB0x18ed	0
0x2665S0x23ebB0x18ed	0x2665V0x23ebB0x18ed	0
0x2669S0x23ebB0x18ed	0x2669V0x23ebB0x18ed	0
0x266bS0x23ebB0x18ed	0x266bV0x23ebB0x18ed	0
0x266dS0x23ebB0x18ed	0x266dV0x23ebB0x18ed	0
0x2670S0x23ebB0x18ed	0x2670V0x23ebB0x18ed	0
0x2674S0x23ebB0x18ed	0x2674V0x23ebB0x18ed	0
0x2676S0x23ebB0x18ed	0x2676V0x23ebB0x18ed	0
0x267aS0x23ebB0x18ed	0x267aV0x23ebB0x18ed	0
0x267cS0x23ebB0x18ed	0x267cV0x23ebB0x18ed	0
0x267fS0x23ebB0x18ed	0x267fV0x23ebB0x18ed	0
0x260eS0x23ebB0x18ed	0x260eV0x23ebB0x18ed	0
0x2612S0x23ebB0x18ed	0x2612V0x23ebB0x18ed	0
0x2613S0x23ebB0x18ed	0x2613V0x23ebB0x18ed	0
0x262dS0x23ebB0x18ed	0x262dV0x23ebB0x18ed	0
0x262eS0x23ebB0x18ed	0x262eV0x23ebB0x18ed	0
0x25abS0x23ebB0x18ed	0x25abV0x23ebB0x18ed	0
0x25adS0x23ebB0x18ed	0x25adV0x23ebB0x18ed	0
0x25b1S0x23ebB0x18ed	0x25b1V0x23ebB0x18ed	0
0x25b3S0x23ebB0x18ed	0x25b3V0x23ebB0x18ed	0
0x25b5S0x23ebB0x18ed	0x25b5V0x23ebB0x18ed	0
0x25b7S0x23ebB0x18ed	0x25b7V0x23ebB0x18ed	0
0x25b8S0x23ebB0x18ed	0x25b8V0x23ebB0x18ed	0
0x25bcS0x23ebB0x18ed	0x25bcV0x23ebB0x18ed	0
0x25c0S0x23ebB0x18ed	0x25c0V0x23ebB0x18ed	0
0x25c2S0x23ebB0x18ed	0x25c2V0x23ebB0x18ed	0
0x25c3S0x23ebB0x18ed	0x25c3V0x23ebB0x18ed	0
0x25e8S0x23ebB0x18ed	0x25e8V0x23ebB0x18ed	0
0x25fdS0x23ebB0x18ed	0x25fdV0x23ebB0x18ed	0
0x25feS0x23ebB0x18ed	0x25feV0x23ebB0x18ed	0
0x2605S0x23ebB0x18ed	0x2605V0x23ebB0x18ed	0
0x260aS0x23ebB0x18ed	0x260aV0x23ebB0x18ed	0
0x2619S0x23ebB0x18ed	0x2619V0x23ebB0x18ed	0
0x261bS0x23ebB0x18ed	0x261bV0x23ebB0x18ed	0
0x261dS0x23ebB0x18ed	0x261dV0x23ebB0x18ed	0
0x261eS0x23ebB0x18ed	0x261eV0x23ebB0x18ed	0
0x2621S0x23ebB0x18ed	0x2621V0x23ebB0x18ed	0
0x2622S0x23ebB0x18ed	0x2622V0x23ebB0x18ed	0
0x2623S0x23ebB0x18ed	0x2623V0x23ebB0x18ed	0
0x2affS0x25aaS0x23ebB0x18ed	0x2affV0x25aaV0x23ebB0x18ed	0
0x2b01S0x25aaS0x23ebB0x18ed	0x2b01V0x25aaV0x23ebB0x18ed	0
0x2b06S0x25aaS0x23ebB0x18ed	0x2b06V0x25aaV0x23ebB0x18ed	0
0x2b09S0x25aaS0x23ebB0x18ed	0x2b09V0x25aaV0x23ebB0x18ed	0
0x2b9fS0x2afeS0x25aaS0x23ebB0x18ed	0x2b9fV0x2afeV0x25aaV0x23ebB0x18ed	0
0x2ba1S0x2afeS0x25aaS0x23ebB0x18ed	0x2ba1V0x2afeV0x25aaV0x23ebB0x18ed	0
0x2ba2S0x2afeS0x25aaS0x23ebB0x18ed	0x2ba2V0x2afeV0x25aaV0x23ebB0x18ed	0
0x2bc5S0x2afeS0x25aaS0x23ebB0x18ed	0x2bc5V0x2afeV0x25aaV0x23ebB0x18ed	0
0x2bc7S0x2afeS0x25aaS0x23ebB0x18ed	0x2bc7V0x2afeV0x25aaV0x23ebB0x18ed	0
0x2bcaS0x2afeS0x25aaS0x23ebB0x18ed	0x2bcaV0x2afeV0x25aaV0x23ebB0x18ed	0
0x2bccS0x2afeS0x25aaS0x23ebB0x18ed	0x2bccV0x2afeV0x25aaV0x23ebB0x18ed	0
0x2bcfS0x2afeS0x25aaS0x23ebB0x18ed	0x2bcfV0x2afeV0x25aaV0x23ebB0x18ed	0
0x2bd2S0x2afeS0x25aaS0x23ebB0x18ed	0x2bd2V0x2afeV0x25aaV0x23ebB0x18ed	0
0x2bd6S0x2afeS0x25aaS0x23ebB0x18ed	0x2bd6V0x2afeV0x25aaV0x23ebB0x18ed	0
0x2bd8S0x2afeS0x25aaS0x23ebB0x18ed	0x2bd8V0x2afeV0x25aaV0x23ebB0x18ed	0
0x2bdaS0x2afeS0x25aaS0x23ebB0x18ed	0x2bdaV0x2afeV0x25aaV0x23ebB0x18ed	0
0x2bddS0x2afeS0x25aaS0x23ebB0x18ed	0x2bddV0x2afeV0x25aaV0x23ebB0x18ed	0
0x2be1S0x2afeS0x25aaS0x23ebB0x18ed	0x2be1V0x2afeV0x25aaV0x23ebB0x18ed	0
0x2be3S0x2afeS0x25aaS0x23ebB0x18ed	0x2be3V0x2afeV0x25aaV0x23ebB0x18ed	0
0x2be7S0x2afeS0x25aaS0x23ebB0x18ed	0x2be7V0x2afeV0x25aaV0x23ebB0x18ed	0
0x2be9S0x2afeS0x25aaS0x23ebB0x18ed	0x2be9V0x2afeV0x25aaV0x23ebB0x18ed	0
0x2becS0x2afeS0x25aaS0x23ebB0x18ed	0x2becV0x2afeV0x25aaV0x23ebB0x18ed	0
0x2bfdS0x2afeS0x25aaS0x23ebB0x18ed	0x2bfdV0x2afeV0x25aaV0x23ebB0x18ed	0
0x2c00S0x2afeS0x25aaS0x23ebB0x18ed	0x2c00V0x2afeV0x25aaV0x23ebB0x18ed	0
0x2c01S0x2afeS0x25aaS0x23ebB0x18ed	0x2c01V0x2afeV0x25aaV0x23ebB0x18ed	0
0x2c24S0x2afeS0x25aaS0x23ebB0x18ed	0x2c24V0x2afeV0x25aaV0x23ebB0x18ed	0
0x2c26S0x2afeS0x25aaS0x23ebB0x18ed	0x2c26V0x2afeV0x25aaV0x23ebB0x18ed	0
0x2c29S0x2afeS0x25aaS0x23ebB0x18ed	0x2c29V0x2afeV0x25aaV0x23ebB0x18ed	0
0x2c2bS0x2afeS0x25aaS0x23ebB0x18ed	0x2c2bV0x2afeV0x25aaV0x23ebB0x18ed	0
0x2c2dS0x2afeS0x25aaS0x23ebB0x18ed	0x2c2dV0x2afeV0x25aaV0x23ebB0x18ed	0
0x2c30S0x2afeS0x25aaS0x23ebB0x18ed	0x2c30V0x2afeV0x25aaV0x23ebB0x18ed	0
0x2c32S0x2afeS0x25aaS0x23ebB0x18ed	0x2c32V0x2afeV0x25aaV0x23ebB0x18ed	0
0x2c53S0x2afeS0x25aaS0x23ebB0x18ed	0x2c53V0x2afeV0x25aaV0x23ebB0x18ed	0
0x2c56S0x2afeS0x25aaS0x23ebB0x18ed	0x2c56V0x2afeV0x25aaV0x23ebB0x18ed	0
0x2c59S0x2afeS0x25aaS0x23ebB0x18ed	0x2c59V0x2afeV0x25aaV0x23ebB0x18ed	0
0x2c5dS0x2afeS0x25aaS0x23ebB0x18ed	0x2c5dV0x2afeV0x25aaV0x23ebB0x18ed	0
0x2c5eS0x2afeS0x25aaS0x23ebB0x18ed	0x2c5eV0x2afeV0x25aaV0x23ebB0x18ed	0
0x2c60S0x2afeS0x25aaS0x23ebB0x18ed	0x2c60V0x2afeV0x25aaV0x23ebB0x18ed	0
0x2d0eS0x2afeS0x25aaS0x23ebB0x18ed	0x2d0eV0x2afeV0x25aaV0x23ebB0x18ed	0
0x2d10S0x2afeS0x25aaS0x23ebB0x18ed	0x2d10V0x2afeV0x25aaV0x23ebB0x18ed	0
0x2d13S0x2afeS0x25aaS0x23ebB0x18ed	0x2d13V0x2afeV0x25aaV0x23ebB0x18ed	0
0x2d15S0x2afeS0x25aaS0x23ebB0x18ed	0x2d15V0x2afeV0x25aaV0x23ebB0x18ed	0
0x2d16S0x2afeS0x25aaS0x23ebB0x18ed	0x2d16V0x2afeV0x25aaV0x23ebB0x18ed	0
0x2d18S0x2afeS0x25aaS0x23ebB0x18ed	0x2d18V0x2afeV0x25aaV0x23ebB0x18ed	0
0x2d19S0x2afeS0x25aaS0x23ebB0x18ed	0x2d19V0x2afeV0x25aaV0x23ebB0x18ed	0
0x2d1aS0x2afeS0x25aaS0x23ebB0x18ed	0x2d1aV0x2afeV0x25aaV0x23ebB0x18ed	0
0x2d1cS0x2afeS0x25aaS0x23ebB0x18ed	0x2d1cV0x2afeV0x25aaV0x23ebB0x18ed	0
0x2d1dS0x2afeS0x25aaS0x23ebB0x18ed	0x2d1dV0x2afeV0x25aaV0x23ebB0x18ed	0
0x2d20S0x2afeS0x25aaS0x23ebB0x18ed	0x2d20V0x2afeV0x25aaV0x23ebB0x18ed	0
0x2d23S0x2afeS0x25aaS0x23ebB0x18ed	0x2d23V0x2afeV0x25aaV0x23ebB0x18ed	0
0x2d24S0x2afeS0x25aaS0x23ebB0x18ed	0x2d24V0x2afeV0x25aaV0x23ebB0x18ed	0
0x2d26S0x2afeS0x25aaS0x23ebB0x18ed	0x2d26V0x2afeV0x25aaV0x23ebB0x18ed	0
0x2d29S0x2afeS0x25aaS0x23ebB0x18ed	0x2d29V0x2afeV0x25aaV0x23ebB0x18ed	0
0x2d2bS0x2afeS0x25aaS0x23ebB0x18ed	0x2d2bV0x2afeV0x25aaV0x23ebB0x18ed	0
0x2b95S0x2afeS0x25aaS0x23ebB0x18ed	0x2b95V0x2afeV0x25aaV0x23ebB0x18ed	0
0x2b98S0x2afeS0x25aaS0x23ebB0x18ed	0x2b98V0x2afeV0x25aaV0x23ebB0x18ed	0
0x2b99S0x2afeS0x25aaS0x23ebB0x18ed	0x2b99V0x2afeV0x25aaV0x23ebB0x18ed	0
0x2b9aS0x2afeS0x25aaS0x23ebB0x18ed	0x2b9aV0x2afeV0x25aaV0x23ebB0x18ed	0
0x2b9bS0x2afeS0x25aaS0x23ebB0x18ed	0x2b9bV0x2afeV0x25aaV0x23ebB0x18ed	0
0x2bf0S0x2afeS0x25aaS0x23ebB0x18ed	0x2bf0V0x2afeV0x25aaV0x23ebB0x18ed	0
0x2bf4S0x2afeS0x25aaS0x23ebB0x18ed	0x2bf4V0x2afeV0x25aaV0x23ebB0x18ed	0
0x2bf9S0x2afeS0x25aaS0x23ebB0x18ed	0x2bf9V0x2afeV0x25aaV0x23ebB0x18ed	0
0x2d50S0x2afeS0x25aaS0x23ebB0x18ed	0x2d50V0x2afeV0x25aaV0x23ebB0x18ed	0
0x2d51S0x2afeS0x25aaS0x23ebB0x18ed	0x2d51V0x2afeV0x25aaV0x23ebB0x18ed	0
0x2d52S0x2afeS0x25aaS0x23ebB0x18ed	0x2d52V0x2afeV0x25aaV0x23ebB0x18ed	0
0x2c64S0x2afeS0x25aaS0x23ebB0x18ed	0x2c64V0x2afeV0x25aaV0x23ebB0x18ed	0
0x2c66S0x2afeS0x25aaS0x23ebB0x18ed	0x2c66V0x2afeV0x25aaV0x23ebB0x18ed	0
0x2c69S0x2afeS0x25aaS0x23ebB0x18ed	0x2c69V0x2afeV0x25aaV0x23ebB0x18ed	0
0x2c7eS0x2afeS0x25aaS0x23ebB0x18ed	0x2c7eV0x2afeV0x25aaV0x23ebB0x18ed	0
0x2c81S0x2afeS0x25aaS0x23ebB0x18ed	0x2c81V0x2afeV0x25aaV0x23ebB0x18ed	0
0x2c83S0x2afeS0x25aaS0x23ebB0x18ed	0x2c83V0x2afeV0x25aaV0x23ebB0x18ed	0
0x2c87S0x2afeS0x25aaS0x23ebB0x18ed	0x2c87V0x2afeV0x25aaV0x23ebB0x18ed	0
0x2c89S0x2afeS0x25aaS0x23ebB0x18ed	0x2c89V0x2afeV0x25aaV0x23ebB0x18ed	0
0x2c8bS0x2afeS0x25aaS0x23ebB0x18ed	0x2c8bV0x2afeV0x25aaV0x23ebB0x18ed	0
0x2cceS0x2afeS0x25aaS0x23ebB0x18ed	0x2cceV0x2afeV0x25aaV0x23ebB0x18ed	0
0x2cd1S0x2afeS0x25aaS0x23ebB0x18ed	0x2cd1V0x2afeV0x25aaV0x23ebB0x18ed	0
0x2cd3S0x2afeS0x25aaS0x23ebB0x18ed	0x2cd3V0x2afeV0x25aaV0x23ebB0x18ed	0
0x2cd4S0x2afeS0x25aaS0x23ebB0x18ed	0x2cd4V0x2afeV0x25aaV0x23ebB0x18ed	0
0x2cd7S0x2afeS0x25aaS0x23ebB0x18ed	0x2cd7V0x2afeV0x25aaV0x23ebB0x18ed	0
0x2cd8S0x2afeS0x25aaS0x23ebB0x18ed	0x2cd8V0x2afeV0x25aaV0x23ebB0x18ed	0
0x2cdaS0x2afeS0x25aaS0x23ebB0x18ed	0x2cdaV0x2afeV0x25aaV0x23ebB0x18ed	0
0x2cdcS0x2afeS0x25aaS0x23ebB0x18ed	0x2cdcV0x2afeV0x25aaV0x23ebB0x18ed	0
0x2cddS0x2afeS0x25aaS0x23ebB0x18ed	0x2cddV0x2afeV0x25aaV0x23ebB0x18ed	0
0x2ce0S0x2afeS0x25aaS0x23ebB0x18ed	0x2ce0V0x2afeV0x25aaV0x23ebB0x18ed	0
0x2ce1S0x2afeS0x25aaS0x23ebB0x18ed	0x2ce1V0x2afeV0x25aaV0x23ebB0x18ed	0
0x2ce4S0x2afeS0x25aaS0x23ebB0x18ed	0x2ce4V0x2afeV0x25aaV0x23ebB0x18ed	0
0x2cefS0x2afeS0x25aaS0x23ebB0x18ed	0x2cefV0x2afeV0x25aaV0x23ebB0x18ed	0
0x2cf3S0x2afeS0x25aaS0x23ebB0x18ed	0x2cf3V0x2afeV0x25aaV0x23ebB0x18ed	0
0x2cf5S0x2afeS0x25aaS0x23ebB0x18ed	0x2cf5V0x2afeV0x25aaV0x23ebB0x18ed	0
0x2cf7S0x2afeS0x25aaS0x23ebB0x18ed	0x2cf7V0x2afeV0x25aaV0x23ebB0x18ed	0
0x2cfaS0x2afeS0x25aaS0x23ebB0x18ed	0x2cfaV0x2afeV0x25aaV0x23ebB0x18ed	0
0x2cfeS0x2afeS0x25aaS0x23ebB0x18ed	0x2cfeV0x2afeV0x25aaV0x23ebB0x18ed	0
0x2cffS0x2afeS0x25aaS0x23ebB0x18ed	0x2cffV0x2afeV0x25aaV0x23ebB0x18ed	0
0x2d04S0x2afeS0x25aaS0x23ebB0x18ed	0x2d04V0x2afeV0x25aaV0x23ebB0x18ed	0
0x2d06S0x2afeS0x25aaS0x23ebB0x18ed	0x2d06V0x2afeV0x25aaV0x23ebB0x18ed	0
0x2d09S0x2afeS0x25aaS0x23ebB0x18ed	0x2d09V0x2afeV0x25aaV0x23ebB0x18ed	0
0x2d0aS0x2afeS0x25aaS0x23ebB0x18ed	0x2d0aV0x2afeV0x25aaV0x23ebB0x18ed	0
0x2ccd_0x0S0x2afeS0x25aaS0x23ebB0x18ed	0x2ccd_0x0V0x2afeV0x25aaV0x23ebB0x18ed	0
0x2ccd_0x1S0x2afeS0x25aaS0x23ebB0x18ed	0x2ccd_0x1V0x2afeV0x25aaV0x23ebB0x18ed	0
0x2ccd_0x2S0x2afeS0x25aaS0x23ebB0x18ed	0x2ccd_0x2V0x2afeV0x25aaV0x23ebB0x18ed	0
0x2c91S0x2afeS0x25aaS0x23ebB0x18ed	0x2c91V0x2afeV0x25aaV0x23ebB0x18ed	0
0x2c94S0x2afeS0x25aaS0x23ebB0x18ed	0x2c94V0x2afeV0x25aaV0x23ebB0x18ed	0
0x2c95S0x2afeS0x25aaS0x23ebB0x18ed	0x2c95V0x2afeV0x25aaV0x23ebB0x18ed	0
0x2c90_0x2S0x2afeS0x25aaS0x23ebB0x18ed	0x2c90_0x2V0x2afeV0x25aaV0x23ebB0x18ed	0
0x2d30S0x2afeS0x25aaS0x23ebB0x18ed	0x2d30V0x2afeV0x25aaV0x23ebB0x18ed	0
0x2d3aS0x2afeS0x25aaS0x23ebB0x18ed	0x2d3aV0x2afeV0x25aaV0x23ebB0x18ed	0
0x2d40S0x2afeS0x25aaS0x23ebB0x18ed	0x2d40V0x2afeV0x25aaV0x23ebB0x18ed	0
0x2d34_0x1S0x2afeS0x25aaS0x23ebB0x18ed	0x2d34_0x1V0x2afeV0x25aaV0x23ebB0x18ed	0
0x2c9aS0x2afeS0x25aaS0x23ebB0x18ed	0x2c9aV0x2afeV0x25aaV0x23ebB0x18ed	0
0x2c9dS0x2afeS0x25aaS0x23ebB0x18ed	0x2c9dV0x2afeV0x25aaV0x23ebB0x18ed	0
0x2cc0S0x2afeS0x25aaS0x23ebB0x18ed	0x2cc0V0x2afeV0x25aaV0x23ebB0x18ed	0
0x2cc2S0x2afeS0x25aaS0x23ebB0x18ed	0x2cc2V0x2afeV0x25aaV0x23ebB0x18ed	0
0x2cc6S0x2afeS0x25aaS0x23ebB0x18ed	0x2cc6V0x2afeV0x25aaV0x23ebB0x18ed	0
0x2cc8S0x2afeS0x25aaS0x23ebB0x18ed	0x2cc8V0x2afeV0x25aaV0x23ebB0x18ed	0
0x2cc9S0x2afeS0x25aaS0x23ebB0x18ed	0x2cc9V0x2afeV0x25aaV0x23ebB0x18ed	0
0x2c99_0x0S0x2afeS0x25aaS0x23ebB0x18ed	0x2c99_0x0V0x2afeV0x25aaV0x23ebB0x18ed	0
0x2c99_0x1S0x2afeS0x25aaS0x23ebB0x18ed	0x2c99_0x1V0x2afeV0x25aaV0x23ebB0x18ed	0
0x2c99_0x2S0x2afeS0x25aaS0x23ebB0x18ed	0x2c99_0x2V0x2afeV0x25aaV0x23ebB0x18ed	0
0x2d56S0x2d34S0x2afeS0x25aaS0x23ebB0x18ed	0x2d56V0x2d34V0x2afeV0x25aaV0x23ebB0x18ed	0
0x2d59S0x2d34S0x2afeS0x25aaS0x23ebB0x18ed	0x2d59V0x2d34V0x2afeV0x25aaV0x23ebB0x18ed	0
0x2d5aS0x2d34S0x2afeS0x25aaS0x23ebB0x18ed	0x2d5aV0x2d34V0x2afeV0x25aaV0x23ebB0x18ed	0
0x2d66S0x2d34S0x2afeS0x25aaS0x23ebB0x18ed	0x2d66V0x2d34V0x2afeV0x25aaV0x23ebB0x18ed	0
0x2d67S0x2d34S0x2afeS0x25aaS0x23ebB0x18ed	0x2d67V0x2d34V0x2afeV0x25aaV0x23ebB0x18ed	0
0x2d68S0x2d34S0x2afeS0x25aaS0x23ebB0x18ed	0x2d68V0x2d34V0x2afeV0x25aaV0x23ebB0x18ed	0
0x2d75S0x2d34S0x2afeS0x25aaS0x23ebB0x18ed	0x2d75V0x2d34V0x2afeV0x25aaV0x23ebB0x18ed	0
0x2d77S0x2d34S0x2afeS0x25aaS0x23ebB0x18ed	0x2d77V0x2d34V0x2afeV0x25aaV0x23ebB0x18ed	0
0x2d78S0x2d34S0x2afeS0x25aaS0x23ebB0x18ed	0x2d78V0x2d34V0x2afeV0x25aaV0x23ebB0x18ed	0
0x2d9bS0x2d34S0x2afeS0x25aaS0x23ebB0x18ed	0x2d9bV0x2d34V0x2afeV0x25aaV0x23ebB0x18ed	0
0x2d9dS0x2d34S0x2afeS0x25aaS0x23ebB0x18ed	0x2d9dV0x2d34V0x2afeV0x25aaV0x23ebB0x18ed	0
0x2da0S0x2d34S0x2afeS0x25aaS0x23ebB0x18ed	0x2da0V0x2d34V0x2afeV0x25aaV0x23ebB0x18ed	0
0x2da5S0x2d34S0x2afeS0x25aaS0x23ebB0x18ed	0x2da5V0x2d34V0x2afeV0x25aaV0x23ebB0x18ed	0
0x2da6S0x2d34S0x2afeS0x25aaS0x23ebB0x18ed	0x2da6V0x2d34V0x2afeV0x25aaV0x23ebB0x18ed	0
0x2da9S0x2d34S0x2afeS0x25aaS0x23ebB0x18ed	0x2da9V0x2d34V0x2afeV0x25aaV0x23ebB0x18ed	0
0x2dacS0x2d34S0x2afeS0x25aaS0x23ebB0x18ed	0x2dacV0x2d34V0x2afeV0x25aaV0x23ebB0x18ed	0
0x2db3S0x2d34S0x2afeS0x25aaS0x23ebB0x18ed	0x2db3V0x2d34V0x2afeV0x25aaV0x23ebB0x18ed	0
0x2db5S0x2d34S0x2afeS0x25aaS0x23ebB0x18ed	0x2db5V0x2d34V0x2afeV0x25aaV0x23ebB0x18ed	0
0x2db9S0x2d34S0x2afeS0x25aaS0x23ebB0x18ed	0x2db9V0x2d34V0x2afeV0x25aaV0x23ebB0x18ed	0
0x2dbeS0x2d34S0x2afeS0x25aaS0x23ebB0x18ed	0x2dbeV0x2d34V0x2afeV0x25aaV0x23ebB0x18ed	0
0x2dc1S0x2d34S0x2afeS0x25aaS0x23ebB0x18ed	0x2dc1V0x2d34V0x2afeV0x25aaV0x23ebB0x18ed	0
0x2dc2S0x2d34S0x2afeS0x25aaS0x23ebB0x18ed	0x2dc2V0x2d34V0x2afeV0x25aaV0x23ebB0x18ed	0
0x2d60S0x2d34S0x2afeS0x25aaS0x23ebB0x18ed	0x2d60V0x2d34V0x2afeV0x25aaV0x23ebB0x18ed	0
0x2d6dS0x2d34S0x2afeS0x25aaS0x23ebB0x18ed	0x2d6dV0x2d34V0x2afeV0x25aaV0x23ebB0x18ed	0
0x2d70S0x2d34S0x2afeS0x25aaS0x23ebB0x18ed	0x2d70V0x2d34V0x2afeV0x25aaV0x23ebB0x18ed	0
0x2d72S0x2d34S0x2afeS0x25aaS0x23ebB0x18ed	0x2d72V0x2d34V0x2afeV0x25aaV0x23ebB0x18ed	0
0x2dc8S0x2d34S0x2afeS0x25aaS0x23ebB0x18ed	0x2dc8V0x2d34V0x2afeV0x25aaV0x23ebB0x18ed	0
0x2dc9S0x2d34S0x2afeS0x25aaS0x23ebB0x18ed	0x2dc9V0x2d34V0x2afeV0x25aaV0x23ebB0x18ed	0
0x2dccS0x2d34S0x2afeS0x25aaS0x23ebB0x18ed	0x2dccV0x2d34V0x2afeV0x25aaV0x23ebB0x18ed	0
0x2dceS0x2d34S0x2afeS0x25aaS0x23ebB0x18ed	0x2dceV0x2d34V0x2afeV0x25aaV0x23ebB0x18ed	0
0x2dd0S0x2d34S0x2afeS0x25aaS0x23ebB0x18ed	0x2dd0V0x2d34V0x2afeV0x25aaV0x23ebB0x18ed	0
0x2dd1S0x2d34S0x2afeS0x25aaS0x23ebB0x18ed	0x2dd1V0x2d34V0x2afeV0x25aaV0x23ebB0x18ed	0
0x26dd0x2d55S0x2d34S0x2afeS0x25aaS0x23ebB0x18ed	0x2d550x26ddV0x2d34V0x2afeV0x25aaV0x23ebB0x18ed	0
0x26d80x2d55_0x0S0x2d34S0x2afeS0x25aaS0x23ebB0x18ed	0x26d80x2d55_0x0V0x2d34V0x2afeV0x25aaV0x23ebB0x18ed	0
0x26dc0x2d55S0x2d34S0x2afeS0x25aaS0x23ebB0x18ed	0x2d550x26dcV0x2d34V0x2afeV0x25aaV0x23ebB0x18ed	0
0x26db0x2d55S0x2d34S0x2afeS0x25aaS0x23ebB0x18ed	0x2d550x26dbV0x2d34V0x2afeV0x25aaV0x23ebB0x18ed	0
0x26ec0x2d55S0x2d34S0x2afeS0x25aaS0x23ebB0x18ed	0x2d550x26ecV0x2d34V0x2afeV0x25aaV0x23ebB0x18ed	0
0x26e10x2d55_0x0S0x2d34S0x2afeS0x25aaS0x23ebB0x18ed	0x26e10x2d55_0x0V0x2d34V0x2afeV0x25aaV0x23ebB0x18ed	0
0x26eb0x2d55S0x2d34S0x2afeS0x25aaS0x23ebB0x18ed	0x2d550x26ebV0x2d34V0x2afeV0x25aaV0x23ebB0x18ed	0
0x26e90x2d55S0x2d34S0x2afeS0x25aaS0x23ebB0x18ed	0x2d550x26e9V0x2d34V0x2afeV0x25aaV0x23ebB0x18ed	0
0x26e70x2d55S0x2d34S0x2afeS0x25aaS0x23ebB0x18ed	0x2d550x26e7V0x2d34V0x2afeV0x25aaV0x23ebB0x18ed	0
0x26e40x2d55S0x2d34S0x2afeS0x25aaS0x23ebB0x18ed	0x2d550x26e4V0x2d34V0x2afeV0x25aaV0x23ebB0x18ed	0
0x26e30x2d55S0x2d34S0x2afeS0x25aaS0x23ebB0x18ed	0x2d550x26e3V0x2d34V0x2afeV0x25aaV0x23ebB0x18ed	0
0x27000x2d55S0x2d34S0x2afeS0x25aaS0x23ebB0x18ed	0x2d550x2700V0x2d34V0x2afeV0x25aaV0x23ebB0x18ed	0
0x26ff0x2d55S0x2d34S0x2afeS0x25aaS0x23ebB0x18ed	0x2d550x26ffV0x2d34V0x2afeV0x25aaV0x23ebB0x18ed	0
0x26fd0x2d55S0x2d34S0x2afeS0x25aaS0x23ebB0x18ed	0x2d550x26fdV0x2d34V0x2afeV0x25aaV0x23ebB0x18ed	0
0x26fb0x2d55S0x2d34S0x2afeS0x25aaS0x23ebB0x18ed	0x2d550x26fbV0x2d34V0x2afeV0x25aaV0x23ebB0x18ed	0
0x26f90x2d55S0x2d34S0x2afeS0x25aaS0x23ebB0x18ed	0x2d550x26f9V0x2d34V0x2afeV0x25aaV0x23ebB0x18ed	0
0x271a0x2d55S0x2d34S0x2afeS0x25aaS0x23ebB0x18ed	0x2d550x271aV0x2d34V0x2afeV0x25aaV0x23ebB0x18ed	0
0x27180x2d55S0x2d34S0x2afeS0x25aaS0x23ebB0x18ed	0x2d550x2718V0x2d34V0x2afeV0x25aaV0x23ebB0x18ed	0
0x27150x2d55S0x2d34S0x2afeS0x25aaS0x23ebB0x18ed	0x2d550x2715V0x2d34V0x2afeV0x25aaV0x23ebB0x18ed	0
0x27140x2d55S0x2d34S0x2afeS0x25aaS0x23ebB0x18ed	0x2d550x2714V0x2d34V0x2afeV0x25aaV0x23ebB0x18ed	0
0x27130x2d55S0x2d34S0x2afeS0x25aaS0x23ebB0x18ed	0x2d550x2713V0x2d34V0x2afeV0x25aaV0x23ebB0x18ed	0
0x27120x2d55S0x2d34S0x2afeS0x25aaS0x23ebB0x18ed	0x2d550x2712V0x2d34V0x2afeV0x25aaV0x23ebB0x18ed	0
0x270f0x2d55S0x2d34S0x2afeS0x25aaS0x23ebB0x18ed	0x2d550x270fV0x2d34V0x2afeV0x25aaV0x23ebB0x18ed	0
0x270e0x2d55S0x2d34S0x2afeS0x25aaS0x23ebB0x18ed	0x2d550x270eV0x2d34V0x2afeV0x25aaV0x23ebB0x18ed	0
0x270c0x2d55S0x2d34S0x2afeS0x25aaS0x23ebB0x18ed	0x2d550x270cV0x2d34V0x2afeV0x25aaV0x23ebB0x18ed	0
0x27090x2d55S0x2d34S0x2afeS0x25aaS0x23ebB0x18ed	0x2d550x2709V0x2d34V0x2afeV0x25aaV0x23ebB0x18ed	0
0x27080x2d55S0x2d34S0x2afeS0x25aaS0x23ebB0x18ed	0x2d550x2708V0x2d34V0x2afeV0x25aaV0x23ebB0x18ed	0
0x27060x2d55S0x2d34S0x2afeS0x25aaS0x23ebB0x18ed	0x2d550x2706V0x2d34V0x2afeV0x25aaV0x23ebB0x18ed	0
0x271d0x2d55_0x1S0x2d34S0x2afeS0x25aaS0x23ebB0x18ed	0x271d0x2d55_0x1V0x2d34V0x2afeV0x25aaV0x23ebB0x18ed	0
0x27280x2d55S0x2d34S0x2afeS0x25aaS0x23ebB0x18ed	0x2d550x2728V0x2d34V0x2afeV0x25aaV0x23ebB0x18ed	0
0x27250x2d55S0x2d34S0x2afeS0x25aaS0x23ebB0x18ed	0x2d550x2725V0x2d34V0x2afeV0x25aaV0x23ebB0x18ed	0
0x27230x2d55S0x2d34S0x2afeS0x25aaS0x23ebB0x18ed	0x2d550x2723V0x2d34V0x2afeV0x25aaV0x23ebB0x18ed	0
