0x0
0x2
0x5
0x7
0x8
0xc
0x12
0x14
0x15
0x1a
0x1c
0x1d
0x1f
0x21
0x26
0x27
0x2c
0x31
0x32
0x37
0x3c
0x3d
0x42
0x47
0x4d
0x52
0x58
0x5d
0x63
0x68
0x6e
0x73
0x78
0x7e
0x83
0x89
0x8e
0x94
0x99
0x9f
0xa4
0xa9
0xaf
0xb4
0xb5
0xba
0xbf
0xc5
0xca
0xd0
0xd5
0xdb
0xe0
0xe6
0xeb
0xf0
0xf6
0xfb
0x101
0x106
0x10c
0x111
0x117
0x11c
0x121
0x127
0x12c
0x12d
0x132
0x137
0x138
0x13d
0x142
0x148
0x14d
0x153
0x158
0x15e
0x163
0x169
0x16e
0x173
0x179
0x17e
0x184
0x189
0x18f
0x194
0x19a
0x19f
0x1a4
0x1aa
0x1af
0x1b0
0x1b5
0x1ba
0x1c0
0x1c5
0x1cb
0x1d0
0x1d6
0x1db
0x1e0
0x1e6
0x1eb
0x1f1
0x1f6
0x1fc
0x201
0x207
0x20c
0x212
0x217
0x21a
0x21d
0x21e
0x220
0x225
0x240
0x243
0x246
0x247
0x249
0x24e
0x255
0x258
0x25b
0x25c
0x25e
0x263
0x275
0x278
0x27b
0x27c
0x27e
0x283
0x288
0x28b
0x290
0x293
0x296
0x297
0x299
0x29e
0x2a3
0x2a6
0x2b8
0x2bb
0x2c0
0x2c3
0x2d5
0x2d8
0x2dd
0x2e0
0x2e5
0x2e8
0x2eb
0x2ec
0x2ee
0x2f3
0x2f8
0x2fb
0x300
0x303
0x306
0x307
0x309
0x30e
0x313
0x316
0x319
0x31a
0x31c
0x321
0x326
0x329
0x32e
0x331
0x334
0x335
0x337
0x341
0x344
0x349
0x34c
0x34f
0x350
0x352
0x357
0x35c
0x35f
0x362
0x363
0x365
0x36a
0x36f
0x372
0x377
0x37a
0x37d
0x37e
0x380
0x385
0x38a
0x38d
0x392
0x395
0x398
0x399
0x39b
0x3a0
0x3a5
0x3a8
0x3ab
0x3ac
0x3ae
0x3b3
0x3b8
0x3bb
0x3be
0x3bf
0x3c1
0x3c6
0x3cb
0x3ce
0x3d3
0x3d6
0x3db
0x3de
0x3e1
0x3e2
0x3e4
0x3e9
0x3ee
0x3f1
0x3f4
0x3f5
0x3f7
0x3fc
0x401
0x404
0x407
0x408
0x40a
0x40f
0x414
0x417
0x41a
0x41b
0x41d
0x422
0x427
0x42a
0x42f
0x432
0x435
0x436
0x438
0x43d
0x442
0x445
0x448
0x449
0x44b
0x450
0x455
0x457
0x459
0x45b
0x45d
0x45e
0x45f
0x461
0x462
0x467
0x469
0x46a
0x46c
0x471
0x475
0x482
0x485
0x48a
0x48c
0x48d
0x48f
0x491
0x493
0x494
0x497
0x499
0x49a
0x49b
0x49f
0x4a1
0x4a2
0x4a6
0x4a8
0x4ab
0x4ad
0x4ae
0x4b2
0x4c0
0x4c5
0x4ca
0x4cc
0x4cf
0x4d2
0x4d3
0x4d5
0x4d6
0x4da
0x4dd
0x4e1
0x4ee
0x4f2
0x4f4
0x4f5
0x4f9
0x4fb
0x4fe
0x500
0x501
0x505
0x50a
0x50f
0x518
0x51a
0x51d
0x522
0x524
0x525
0x527
0x529
0x52b
0x52c
0x52f
0x531
0x532
0x533
0x537
0x539
0x53a
0x53e
0x540
0x543
0x545
0x546
0x54a
0x54f
0x552
0x554
0x555
0x55b
0x560
0x563
0x568
0x56a
0x56c
0x56e
0x56f
0x570
0x572
0x574
0x576
0x578
0x579
0x57a
0x57b
0x57c
0x580
0x582
0x583
0x587
0x589
0x58c
0x58e
0x58f
0x593
0x5a2
0x5a4
0x5a5
0x5a7
0x5a9
0x5ab
0x5ac
0x5ae
0x5b0
0x5b2
0x5b3
0x5b4
0x5b8
0x5ba
0x5be
0x5c0
0x5c1
0x5c3
0x5c5
0x5c7
0x5c8
0x5c9
0x5cd
0x5d0
0x5d5
0x5d7
0x5d8
0x5da
0x5dc
0x5de
0x5df
0x5e2
0x5e4
0x5e5
0x5e6
0x5ea
0x5ec
0x5ed
0x5f1
0x5f3
0x5f6
0x5f8
0x5f9
0x5fd
0x602
0x604
0x605
0x607
0x608
0x60b
0x60d
0x60f
0x611
0x612
0x613
0x615
0x63a
0x63d
0x63e
0x640
0x642
0x644
0x645
0x646
0x647
0x64c
0x64f
0x650
0x652
0x65e
0x661
0x666
0x668
0x669
0x66b
0x66d
0x66f
0x670
0x673
0x675
0x676
0x677
0x67b
0x67d
0x67e
0x682
0x684
0x687
0x689
0x68a
0x68e
0x693
0x696
0x698
0x699
0x69a
0x69c
0x69e
0x69f
0x6a0
0x6a2
0x6a4
0x6a5
0x6a8
0x6ac
0x6b1
0x6b3
0x6b4
0x6b6
0x6b8
0x6ba
0x6bb
0x6bc
0x6c0
0x6c2
0x6c5
0x6c8
0x6c9
0x6cb
0x6d4
0x6d7
0x6dc
0x6e0
0x6e2
0x6e3
0x6e7
0x6e9
0x6ec
0x6ee
0x6ef
0x6f3
0x6f8
0x6fa
0x6fb
0x70b
0x70d
0x70f
0x711
0x712
0x713
0x714
0x725
0x726
0x72a
0x72c
0x72e
0x72f
0x735
0x739
0x73a
0x73d
0x73e
0x740
0x744
0x746
0x747
0x749
0x74b
0x74d
0x74e
0x74f
0x753
0x758
0x75a
0x75f
0x763
0x764
0x766
0x768
0x76a
0x76b
0x76d
0x774
0x775
0x776
0x778
0x780
0x782
0x786
0x788
0x78b
0x790
0x792
0x793
0x795
0x797
0x799
0x79a
0x79d
0x79f
0x7a0
0x7a1
0x7a5
0x7a7
0x7a8
0x7ac
0x7ae
0x7b1
0x7b3
0x7b4
0x7b8
0x7bd
0x7c0
0x7c5
0x7c7
0x7c9
0x7cb
0x7cc
0x7cd
0x7cf
0x7d1
0x7d3
0x7d5
0x7d6
0x7d7
0x7d8
0x7d9
0x7da
0x7de
0x7e0
0x7e1
0x7e5
0x7e7
0x7ea
0x7ec
0x7ed
0x7f1
0x7f6
0x7f9
0x7fc
0x7fd
0x7ff
0x809
0x816
0x819
0x81e
0x820
0x821
0x823
0x825
0x827
0x828
0x82b
0x82d
0x82e
0x82f
0x833
0x835
0x836
0x83a
0x83c
0x83f
0x841
0x842
0x846
0x84b
0x84d
0x84f
0x851
0x852
0x854
0x855
0x859
0x85b
0x85c
0x860
0x862
0x865
0x867
0x868
0x86c
0x871
0x876
0x87c
0x87e
0x880
0x882
0x883
0x884
0x886
0x888
0x889
0x88e
0x893
0x895
0x899
0x89b
0x89d
0x8bf
0x8c7
0x8c9
0x8ca
0x8cc
0x8ce
0x8d0
0x8d1
0x8d2
0x8d6
0x8d9
0x8de
0x8e0
0x8e1
0x8e3
0x8e5
0x8e7
0x8e8
0x8eb
0x8ed
0x8ee
0x8ef
0x8f3
0x8f5
0x8f6
0x8fa
0x8fc
0x8ff
0x901
0x902
0x906
0x90b
0x90f
0x911
0x916
0x91b
0x91d
0x920
0x925
0x927
0x928
0x92a
0x92c
0x92e
0x92f
0x932
0x934
0x935
0x936
0x93a
0x93c
0x93d
0x941
0x943
0x946
0x948
0x949
0x94d
0x952
0x955
0x95a
0x95c
0x95e
0x960
0x961
0x962
0x964
0x966
0x968
0x96a
0x96b
0x96c
0x96d
0x96e
0x96f
0x973
0x975
0x976
0x97a
0x97c
0x97f
0x981
0x982
0x986
0x98b
0x98e
0x991
0x992
0x994
0x99e
0x9a3
0x9a6
0x9ab
0x9ad
0x9ae
0x9b0
0x9b2
0x9b4
0x9b5
0x9b8
0x9ba
0x9bb
0x9bc
0x9c0
0x9c2
0x9c3
0x9c7
0x9c9
0x9cc
0x9ce
0x9cf
0x9d3
0x9d8
0x9db
0x9dc
0x9de
0x9e0
0x9e2
0x9e3
0x9e6
0x9e7
0x9e9
0x9eb
0x9ec
0x9ef
0x9f0
0xa01
0xa04
0xa05
0xa08
0xa0c
0xa11
0xa13
0xa16
0xa1b
0xa1d
0xa1e
0xa20
0xa22
0xa24
0xa25
0xa28
0xa2a
0xa2b
0xa2c
0xa30
0xa32
0xa33
0xa37
0xa39
0xa3c
0xa3e
0xa3f
0xa43
0xa48
0xa4b
0xa50
0xa52
0xa54
0xa56
0xa57
0xa58
0xa5a
0xa5c
0xa5e
0xa60
0xa61
0xa62
0xa63
0xa64
0xa65
0xa69
0xa6b
0xa6c
0xa70
0xa72
0xa75
0xa77
0xa78
0xa7c
0xa81
0xa84
0xa87
0xa88
0xa8a
0xa94
0xa99
0xa9b
0xa9c
0xa9e
0xaa0
0xaa2
0xaa3
0xaa4
0xaa8
0xaaa
0xaab
0xaad
0xaaf
0xab1
0xab2
0xab3
0xab7
0xaba
0xabe
0xac3
0xac7
0xac9
0xaca
0xace
0xad0
0xad3
0xad5
0xad6
0xada
0xadf
0xae2
0xae5
0xae6
0xae8
0xaf1
0xaf4
0xaf9
0xafd
0xaff
0xb00
0xb04
0xb06
0xb09
0xb0b
0xb0c
0xb10
0xb15
0xb1c
0xb27
0xb2a
0xb2f
0xb31
0xb32
0xb34
0xb36
0xb38
0xb39
0xb3c
0xb3e
0xb3f
0xb40
0xb44
0xb46
0xb47
0xb4b
0xb4d
0xb50
0xb52
0xb53
0xb57
0xb5c
0xb5f
0xb61
0xb69
0xb6c
0xb71
0xb73
0xb74
0xb76
0xb78
0xb7a
0xb7b
0xb7e
0xb80
0xb81
0xb82
0xb86
0xb88
0xb89
0xb8d
0xb8f
0xb92
0xb94
0xb95
0xb99
0xb9e
0xba0
0xba2
0xba4
0xba5
0xba7
0xba8
0xbac
0xbae
0xbaf
0xbb3
0xbb5
0xbb8
0xbba
0xbbb
0xbbf
0xbc4
0xbc6
0xbc7
0xbc9
0xbca
0xbcc
0xbce
0xbd0
0xbd1
0xbd4
0xbd6
0xbd8
0xbfa
0xbfe
0xc01
0xc02
0xc04
0xc06
0xc08
0xc09
0xc0a
0xc0b
0xc0c
0xc0e
0xc10
0xc12
0xc13
0xc17
0xc1b
0xc20
0xc22
0xc23
0xc25
0xc27
0xc29
0xc2a
0xc2b
0xc2f
0xc32
0xc37
0xc39
0xc3a
0xc3c
0xc3e
0xc40
0xc41
0xc44
0xc46
0xc47
0xc48
0xc4c
0xc4e
0xc4f
0xc53
0xc55
0xc58
0xc5a
0xc5b
0xc5f
0xc64
0xc66
0xc68
0xc6a
0xc6b
0xc6d
0xc6e
0xc72
0xc74
0xc75
0xc79
0xc7b
0xc7e
0xc80
0xc81
0xc85
0xc8a
0xc8d
0xc8e
0xc90
0xc92
0xc94
0xc95
0xc98
0xc99
0xc9b
0xc9d
0xc9f
0xca0
0xca1
0xca3
0xca4
0xca9
0xcab
0xcae
0xcb0
0xcd2
0xcd8
0xcda
0xcdf
0xce1
0xce4
0xceb
0xced
0xcf0
0xcf3
0xcf4
0xcf6
0xcff
0xd02
0xd07
0xd0b
0xd0d
0xd0e
0xd12
0xd14
0xd17
0xd19
0xd1a
0xd1e
0xd23
0xd25
0xd28
0xd2a
0xd2f
0xd36
0xd3e
0xd45
0xd4a
0xd4c
0xd4d
0xd4e
0xd53
0xd54
0xd58
0xd5a
0xd5b
0xd5d
0xd5f
0xd61
0xd62
0xd64
0xd66
0xd68
0xd69
0xd6a
0xd6e
0xd70
0xd72
0xd73
0xd78
0xd7d
0xd82
0xd87
0xd8c
0xd93
0xd95
0xd99
0xd9b
0xd9c
0xd9e
0xda0
0xda1
0xda4
0xdb8
0xdba
0xdbc
0xdbe
0xdbf
0xdc0
0xdc2
0xdc3
0xdc8
0xdca
0xdcb
0xdd1
0xdd5
0xdda
0xddf
0xde3
0xde8
0xdea
0xdef
0xdf3
0xdf4
0xdf6
0xdf8
0xdfa
0xdfb
0xdfd
0xe04
0xe06
0xe07
0xe09
0xe0a
0xe0b
0xe0d
0xe10
0xe13
0xe18
0xe1a
0xe1c
0xe1e
0xe1f
0xe20
0xe22
0xe24
0xe26
0xe28
0xe29
0xe2a
0xe2c
0xe4d
0xe4f
0xe50
0xe52
0xe55
0xe5c
0xe61
0xe66
0xe67
0xe6b
0xe70
0xe72
0xe77
0xe7b
0xe7c
0xe7e
0xe80
0xe82
0xe83
0xe85
0xe8c
0xe8e
0xe8f
0xe91
0xe92
0xe95
0xe98
0xe9d
0xe9f
0xea1
0xea3
0xea4
0xea5
0xea7
0xea9
0xeab
0xead
0xeae
0xeaf
0xeb1
0xed2
0xed4
0xed5
0xed7
0xeda
0xee1
0xee4
0xee9
0xeeb
0xeec
0xeee
0xef0
0xef2
0xef3
0xef6
0xef8
0xef9
0xefa
0xefe
0xf00
0xf01
0xf05
0xf07
0xf0a
0xf0c
0xf0d
0xf11
0xf16
0xf18
0xf1a
0xf1c
0xf1d
0xf1f
0xf20
0xf24
0xf26
0xf27
0xf2b
0xf2d
0xf30
0xf32
0xf33
0xf37
0xf3c
0xf41
0xf43
0xf45
0xf47
0xf49
0xf4a
0xf4b
0xf4d
0xf4f
0xf51
0xf53
0xf54
0xf55
0xf56
0xf5b
0xf5d
0xf5f
0xf64
0xf65
0xf67
0xf6a
0xf6c
0xf6d
0xf6f
0xf71
0xf74
0xf78
0xf79
0xf7b
0xf7c
0xf80
0xf86
0xf87
0xf88
0xf8a
0xf8b
0xf8f
0xf90
0xf94
0xf95
0xf9d
0xf9f
0xfa0
0xfa1
0xfa3
0xfa4
0xfa7
0xfa8
0xfaa
0xfac
0xfb1
0xfb3
0xfb8
0xfbd
0xfbf
0xfc1
0xfc3
0xfc4
0xfc5
0xfc6
0xfc7
0xfc8
0xfcc
0xfce
0xfcf
0xfd3
0xfd5
0xfd8
0xfda
0xfdb
0xfdf
0xfe5
0xfe8
0xfea
0xfeb
0xff0
0xff8
0xffa
0xffe
0xfff
0x1001
0x1003
0x1005
0x1006
0x1008
0x100a
0x100c
0x100d
0x1011
0x1012
0x1014
0x1016
0x1018
0x1019
0x101a
0x101d
0x1021
0x1029
0x102b
0x102d
0x102f
0x1030
0x1032
0x1033
0x1037
0x1039
0x103a
0x103e
0x1040
0x1043
0x1045
0x1046
0x104a
0x104f
0x1051
0x1053
0x1055
0x1056
0x1058
0x1059
0x105d
0x105f
0x1060
0x1064
0x1066
0x1069
0x106b
0x106c
0x1070
0x1075
0x1079
0x107b
0x107d
0x107f
0x1080
0x1081
0x1082
0x1089
0x108b
0x108c
0x108e
0x108f
0x1095
0x109a
0x109c
0x109d
0x10a1
0x10a2
0x10a6
0x10aa
0x10ac
0x10ad
0x10b0
0x10b2
0x10b3
0x10b5
0x10b7
0x10b9
0x10ba
0x10be
0x10bf
0x10c6
0x10c8
0x10c9
0x10ce
0x10d3
0x10d5
0x10d7
0x10da
0x10dc
0x10df
0x10e0
0x10e4
0x10e6
0x10e9
0x10ea
0x10ee
0x10f0
0x10f3
0x10f5
0x10f6
0x10f8
0x10f9
0x10fa
0x10fc
0x10fd
0x1100
0x1103
0x1104
0x1106
0x1109
0x110b
0x1110
0x111c
0x111d
0x1123
0x1124
0x1126
0x112d
0x112f
0x1131
0x1133
0x1135
0x113a
0x113f
0x1143
0x1145
0x1146
0x114a
0x114c
0x114f
0x1151
0x1152
0x1156
0x1163
0x1165
0x1169
0x116a
0x116f
0x1179
0x117b
0x117c
0x117e
0x117f
0x1180
0x1184
0x1186
0x1187
0x118b
0x118d
0x1190
0x1192
0x1193
0x1197
0x119c
0x119e
0x119f
0x11a3
0x11a5
0x11a7
0x11a9
0x11aa
0x11ab
0x11ad
0x11b0
0x11b6
0x11bd
0x11bf
0x11c1
0x11c3
0x11c4
0x11c5
0x11c7
0x11c9
0x11ca
0x11cf
0x11d4
0x11d6
0x11d9
0x11db
0x11dc
0x11fe
0x1200
0x1201
0x1206
0x120b
0x120d
0x1210
0x1219
0x121b
0x121d
0x121f
0x1220
0x1222
0x1223
0x1227
0x1229
0x122a
0x122e
0x1230
0x1233
0x1235
0x1236
0x123a
0x123f
0x1242
0x1243
0x1248
0x124b
0x124f
0x1251
0x1253
0x1255
0x1256
0x1258
0x125c
0x125e
0x125f
0x1264
0x1269
0x126b
0x126d
0x1270
0x1274
0x1275
0x127a
0x127c
0x127f
0x1280
0x1284
0x1286
0x1289
0x128b
0x128c
0x128e
0x128f
0x1290
0x1292
0x1293
0x1296
0x1299
0x129a
0x129c
0x129f
0x12a1
0x12a6
0x12b0
0x12b4
0x12b6
0x12b7
0x12bb
0x12bd
0x12c0
0x12c2
0x12c3
0x12c7
0x12d1
0x12d4
0x12d9
0x12db
0x12de
0x12e1
0x12e6
0x12e8
0x12ea
0x12ec
0x12ee
0x12f3
0x12f8
0x12fb
0x12fc
0x12ff
0x1305
0x1308
0x130f
0x1313
0x1315
0x1317
0x1319
0x131a
0x131d
0x131e
0x1321
0x1325
0x1326
0x1329
0x132d
0x132e
0x1331
0x1333
0x1336
0x1339
0x133d
0x1341
0x1345
0x134e
0x1359
0x135b
0x135f
0x1360
0x1362
0x1364
0x1366
0x1368
0x1369
0x136a
0x136c
0x136f
0x1373
0x1376
0x1378
0x1379
0x137b
0x137d
0x137f
0x1380
0x1382
0x1383
0x1388
0x1389
0x138a
0x138b
0x138f
0x1391
0x1392
0x1396
0x1398
0x139b
0x139d
0x139e
0x13a2
0x13a7
0x13a9
0x13ca
0x13cc
0x13cf
0x13d1
0x13f3
0x13f5
0x13f6
0x13f8
0x13fa
0x13fb
0x13fd
0x13ff
0x1401
0x1402
0x1404
0x1406
0x1407
0x1409
0x140b
0x140d
0x140e
0x1410
0x1412
0x1413
0x1415
0x1417
0x1418
0x141a
0x141c
0x141d
0x141f
0x1421
0x1422
0x1423
0x1425
0x1426
0x1428
0x1429
0x1435
0x143a
0x143c
0x143d
0x1441
0x1442
0x1446
0x144a
0x144c
0x144e
0x144f
0x1452
0x1456
0x1458
0x1459
0x145b
0x145c
0x1462
0x1467
0x1469
0x146a
0x146e
0x146f
0x1473
0x1477
0x1479
0x147b
0x147c
0x147f
0x1481
0x1486
0x148e
0x1490
0x1491
0x1492
0x1494
0x1496
0x1498
0x1499
0x149a
0x149c
0x149e
0x14a0
0x14a2
0x14a3
0x14a4
0x14a5
0x14a6
0x14aa
0x14ac
0x14ad
0x14b1
0x14b3
0x14b6
0x14b8
0x14b9
0x14bd
0x14cc
0x14cf
0x14d2
0x14da
0x14df
0x14e2
0x14e3
0x14e4
0x14e7
0x14e8
0x14f1
0x14f4
0x14f9
0x14fe
0x1502
0x1504
0x1505
0x1506
0x1507
0x150c
0x1511
0x1518
0x151c
0x151e
0x151f
0x1521
0x1523
0x1524
0x1526
0x1528
0x1529
0x152e
0x1533
0x1536
0x153a
0x153c
0x153d
0x153f
0x1541
0x1542
0x1543
0x1548
0x154c
0x154e
0x154f
0x1550
0x1551
0x1556
0x155b
0x1560
0x1565
0x1570
0x1574
0x157a
0x157c
0x157d
0x157f
0x1581
0x1582
0x1583
0x158c
0x158e
0x158f
0x1590
0x1592
0x1594
0x1596
0x1597
0x1598
0x159a
0x159c
0x159d
0x159e
0x15a0
0x15a1
0x15a6
0x15ab
0x15ad
0x15b0
0x15b2
0x15b3
0x15d5
0x15d7
0x15d8
0x15da
0x15dc
0x15dd
0x15df
0x15e1
0x15e2
0x15e4
0x15e6
0x15e7
0x15ef
0x15f4
0x15f6
0x15f9
0x160a
0x160d
0x160f
0x1610
0x1615
0x1617
0x1618
0x161a
0x161c
0x161e
0x161f
0x1622
0x1624
0x1625
0x162e
0x1630
0x1632
0x1634
0x1635
0x1637
0x1638
0x163c
0x163e
0x163f
0x1643
0x1645
0x1648
0x164a
0x164b
0x164f
0x1654
0x1656
0x1658
0x165a
0x165b
0x165d
0x165e
0x1662
0x1664
0x1665
0x1669
0x166b
0x166e
0x1670
0x1671
0x1675
0x167a
0x167c
0x167e
0x1680
0x1681
0x1683
0x1684
0x1688
0x168a
0x168b
0x168f
0x1691
0x1694
0x1696
0x1697
0x169b
0x16a0
0x16a4
0x16a6
0x16a8
0x16aa
0x16ab
0x16ac
0x16ad
0x16b5
0x16b7
0x16b8
0x16ba
0x16bb
0x16c2
0x16c7
0x16c9
0x16ca
0x16ce
0x16cf
0x16d3
0x16d7
0x16d9
0x16da
0x16dd
0x16df
0x16e0
0x16e2
0x16e4
0x16e6
0x16e7
0x16eb
0x16ec
0x16f3
0x16f5
0x16f6
0x16fb
0x1700
0x1702
0x1704
0x1707
0x1709
0x170c
0x170d
0x1711
0x1713
0x1716
0x1717
0x171b
0x171d
0x1720
0x1722
0x1723
0x1725
0x1726
0x1727
0x1729
0x172a
0x172d
0x1730
0x1731
0x1733
0x1736
0x1738
0x173d
0x1749
0x174a
0x1750
0x1751
0x1753
0x175a
0x175c
0x175e
0x1760
0x1762
0x1767
0x176c
0x1770
0x1772
0x1773
0x1777
0x1779
0x177c
0x177e
0x177f
0x1783
0x1790
0x1793
0x1794
0x1796
0x1797
0x179b
0x179d
0x179e
0x17a2
0x17a4
0x17a7
0x17a9
0x17aa
0x17ae
0x17b3
0x17b6
0x17b7
0x17b8
0x17bb
0x17bc
0x17bd
0x17c0
0x17c1
0x17c2
0x17c4
0x17c5
0x17e7
0x17e8
0x17e9
0x17ed
0x17ef
0x17f0
0x17f4
0x17f6
0x17f9
0x17fb
0x17fc
0x1800
0x1806
0x1808
0x1809
0x180b
0x180c
0x180e
0x180f
0x1815
0x1817
0x1818
0x181a
0x181b
0x181d
0x181e
0x1822
0x1824
0x1825
0x1829
0x182b
0x182e
0x1830
0x1831
0x1835
0x183a
0x183c
0x1842
0x1844
0x1845
0x1849
0x184b
0x184c
0x184f
0x1851
0x1852
0x185a
0x185f
0x1861
0x1863
0x1864
0x1867
0x186b
0x186e
0x186f
0x1870
0x1872
0x1873
0x1877
0x1878
0x187c
0x187d
0x1883
0x1885
0x1886
0x1888
0x1889
0x188a
0x188e
0x1890
0x1892
0x1894
0x1895
0x1897
0x1898
0x189c
0x189e
0x189f
0x18a3
0x18a5
0x18a8
0x18aa
0x18ab
0x18af
0x18be
0x18c1
0x18c3
0x18ca
0x18cf
0x18d2
0x18d6
0x18d8
0x18d9
0x18da
0x18db
0x18e2
0x18e4
0x18e8
0x18ea
0x18eb
0x18ed
0x18ef
0x18f0
0x18f2
0x18f4
0x18f5
0x18f6
0x18fe
0x1902
0x1904
0x1905
0x1906
0x1907
0x190c
0x1911
0x1918
0x191b
0x191e
0x191f
0x1920
0x1924
0x1929
0x192b
0x192c
0x192f
0x1931
0x1934
0x1936
0x193a
0x193b
0x193f
0x1941
0x1942
0x1946
0x1948
0x194b
0x194d
0x194e
0x1952
0x1957
0x195a
0x195b
0x195f
0x1961
0x1962
0x1966
0x1968
0x196b
0x196d
0x196e
0x1972
0x1978
0x197b
0x197c
0x197d
0x1980
0x1985
0x198a
0x198f
0x1996
0x199e
0x19a0
0x19a1
0x19a2
0x19b3
0x19b7
0x19b9
0x19ba
0x19bc
0x19be
0x19bf
0x19c1
0x19c3
0x19c4
0x19c6
0x19d9
0x19db
0x19dc
0x19e1
0x19e3
0x19e6
0x19eb
0x19ed
0x19ef
0x19f1
0x19f2
0x19f4
0x19f6
0x19fc
0x1a02
0x1a04
0x1a05
0x1a0a
0x1a0c
0x1a0e
0x1a11
0x1a15
0x1a16
0x1a18
0x1a19
0x1a1d
0x1a23
0x1a24
0x1a25
0x1a27
0x1a28
0x1a2c
0x1a2d
0x1a31
0x1a32
0x1a3a
0x1a3c
0x1a3d
0x1a3e
0x1a40
0x1a41
0x1a44
0x1a45
0x1a47
0x1a49
0x1a4e
0x1a50
0x1a55
0x1a62
0x1a68
0x1a6d
0x1a70
0x1a71
0x1a76
0x1a79
0x1a7c
0x1a7f
0x1a82
0x1a85
0x1a88
0x1a90
0x1a93
0x1a95
0x1a96
0x1a9a
0x1a9f
0x1aa1
0x1aa2
0x1aa5
0x1aa7
0x1aaa
0x1aac
0x1ab0
0x1ab2
0x1ab3
0x1ab5
0x1ab6
0x1ab8
0x1aba
0x1abc
0x1abe
0x1abf
0x1ac0
0x1ac3
0x1ac5
0x1ac7
0x1ac9
0x1aca
0x1acb
0x1ad2
0x1ad5
0x1ad7
0x1ad8
0x1adc
0x1ae1
0x1ae3
0x1ae4
0x1ae7
0x1ae9
0x1aec
0x1aee
0x1af2
0x1af4
0x1af5
0x1af7
0x1af8
0x1afa
0x1afc
0x1afe
0x1b00
0x1b01
0x1b02
0x1b05
0x1b07
0x1b09
0x1b0b
0x1b0c
0x1b0d
0x1b12
0x1b1b
0x1b2a
0x1b2c
0x1b31
0x1b38
0x1b3a
0x1b40
0x1b47
0x1b4a
0x1b4d
0x1b4e
0x1b4f
0x1b53
0x1b58
0x1b5a
0x1b5b
0x1b5e
0x1b60
0x1b63
0x1b65
0x1b69
0x1b6a
0x1b6e
0x1b70
0x1b71
0x1b75
0x1b77
0x1b7a
0x1b7c
0x1b7d
0x1b81
0x1b8f
0x1b91
0x1b92
0x1b93
0x1b97
0x1b99
0x1b9a
0x1b9e
0x1ba0
0x1ba3
0x1ba5
0x1ba6
0x1baa
0x1baf
0x1bb2
0x1bb5
0x1bb6
0x1bb7
0x1bb8
0x1bbc
0x1bbe
0x1bbf
0x1bc3
0x1bc5
0x1bc8
0x1bca
0x1bcb
0x1bcf
0x1bd4
0x1bd6
0x1bd7
0x1bd9
0x1bdb
0x1bdd
0x1bde
0x1bdf
0x1be0
0x1be4
0x1be6
0x1be7
0x1beb
0x1bed
0x1bf0
0x1bf2
0x1bf3
0x1bf7
0x1bfc
0x1bff
0x1c00
0x1c01
0x1c03
0x1c05
0x1c07
0x1c08
0x1c09
0x1c0a
0x1c0c
0x1c0e
0x1c13
0x1c16
0x1c17
0x1c18
0x1c1a
0x1c1c
0x1c1e
0x1c1f
0x1c20
0x1c21
0x1c22
0x1c25
0x1c26
0x1c2b
0x1c2e
0x1c2f
0x1c30
0x1c32
0x1c34
0x1c36
0x1c37
0x1c38
0x1c39
0x1c3a
0x1c3d
0x1c3e
0x1c43
0x1c46
0x1c48
0x1c49
0x1c4a
0x1c4d
0x1c4e
0x1c53
0x1c56
0x1c58
0x1c5c
0x1c5e
0x1c5f
0x1c63
0x1c65
0x1c68
0x1c6a
0x1c6b
0x1c6f
0x1c74
0x1c76
0x1c77
0x1c7c
0x1c7e
0x1c81
0x1c8a
0x1c8c
0x1c8e
0x1c90
0x1c91
0x1c93
0x1c95
0x1c9b
0x1ca1
0x1ca3
0x1ca5
0x1ca6
0x1cab
0x1cad
0x1caf
0x1cb2
0x1cb6
0x1cb7
0x1cb9
0x1cba
0x1cbe
0x1cc4
0x1cc5
0x1cc6
0x1cc8
0x1cc9
0x1ccd
0x1cce
0x1cd2
0x1cd3
0x1cdb
0x1cdd
0x1cde
0x1cdf
0x1ce1
0x1ce2
0x1ce5
0x1ce6
0x1ce8
0x1cea
0x1cef
0x1cf1
0x1cf6
0x1cfb
0x1cfc
0x1cfd
0x1d01
0x1d03
0x1d04
0x1d08
0x1d0a
0x1d0d
0x1d0f
0x1d10
0x1d14
0x1d19
0x1d1b
0x1d1c
0x1d21
0x1d23
0x1d26
0x1d28
0x1d2a
0x1d2c
0x1d2d
0x1d2f
0x1d31
0x1d37
0x1d3d
0x1d41
0x1d43
0x1d44
0x1d49
0x1d4b
0x1d4d
0x1d50
0x1d52
0x1d56
0x1d57
0x1d59
0x1d5a
0x1d5e
0x1d64
0x1d65
0x1d66
0x1d68
0x1d69
0x1d6d
0x1d6e
0x1d72
0x1d73
0x1d7b
0x1d7c
0x1d7f
0x1d80
0x1d84
0x1d87
0x1d88
0x1d8c
0x1d91
0x1d93
0x1d96
0x1d9b
0x1d9d
0x1da1
0x1da3
0x1da9
0x1dad
0x1db3
0x1dc4
0x1dc7
0x1dca
0x1dcb
0x1dcf
0x1dd4
0x1ddb
0x1de0
0x1dea
0x1df6
0x1e03
0x1e06
0x1e0c
0x1e15
0x1e18
0x1e1a
0x1e1b
0x1e20
0x1e23
0x1e25
0x1e29
0x1e2b
0x1e2c
0x1e30
0x1e32
0x1e35
0x1e37
0x1e38
0x1e3c
0x1e43
0x1e44
0x1e48
0x1e4a
0x1e4b
0x1e4f
0x1e51
0x1e54
0x1e56
0x1e57
0x1e5b
0x1e60
0x1e62
0x1e66
0x1e6d
0x1e73
0x1e78
0x1e7a
0x1e7e
0x1e83
0x1e85
0x1e86
0x1e8b
0x1e8d
0x1e93
0x1e95
0x1e97
0x1e99
0x1e9a
0x1e9c
0x1e9e
0x1ea4
0x1eb2
0x1eb4
0x1eb5
0x1eba
0x1ebc
0x1ebe
0x1ec1
0x1ec3
0x1ec7
0x1ec8
0x1eca
0x1ecb
0x1ecf
0x1ed5
0x1ed6
0x1ed7
0x1ed9
0x1eda
0x1ede
0x1edf
0x1ee3
0x1ee4
0x1ef5
0x1ef7
0x1efa
0x1efd
0x1f01
0x1f03
0x1f08
0x1f0d
0x1f12
0x1f17
0x1f1c
0x1f1e
0x1f1f
0x1f24
0x1f26
0x1f29
0x1f30
0x1f32
0x1f34
0x1f36
0x1f37
0x1f39
0x1f3b
0x1f41
0x1f49
0x1f4b
0x1f4c
0x1f51
0x1f53
0x1f55
0x1f58
0x1f5a
0x1f5e
0x1f5f
0x1f61
0x1f62
0x1f66
0x1f6c
0x1f6d
0x1f6e
0x1f70
0x1f71
0x1f75
0x1f76
0x1f7a
0x1f7b
0x1f83
0x1f84
0x1f87
0x1f88
0x1f8c
0x1f8f
0x1f90
0x1f94
0x1f99
0x1f9b
0x1f9e
0x1fa3
0x1fa5
0x1fa9
0x1fab
0x1fb1
0x1fb5
0x1fbb
0x1fc0
0x1fc3
0x1fc5
0x1fc9
0x1fd0
0x1fd3
0x1fd5
0x1fd7
0x1fd9
0x1fda
0x1fdb
0x1fdc
0x1fe1
0x1fe3
0x1fe5
0x1fea
0x1feb
0x1fed
0x1ff0
0x1ff2
0x1ff3
0x1ff5
0x1ff7
0x1ffa
0x1ffe
0x1fff
0x2001
0x2002
0x2006
0x200c
0x200d
0x200e
0x2010
0x2011
0x2015
0x2016
0x201a
0x201b
0x2023
0x2025
0x2026
0x2027
0x2029
0x202a
0x202d
0x202e
0x2030
0x2032
0x2037
0x2039
0x203e
0x2045
0x2048
0x204a
0x204c
0x204e
0x204f
0x2050
0x2051
0x2058
0x205a
0x205c
0x2061
0x2062
0x2064
0x2067
0x2069
0x206a
0x2070
0x2075
0x2077
0x2079
0x207c
0x2080
0x2081
0x2083
0x2084
0x2088
0x208e
0x208f
0x2090
0x2092
0x2093
0x2097
0x2098
0x209c
0x209d
0x20a5
0x20a7
0x20a8
0x20a9
0x20ab
0x20ac
0x20af
0x20b0
0x20b2
0x20b4
0x20b9
0x20bb
0x20c0
0x20c7
0x20cb
0x20cd
0x20cf
0x20d1
0x20d2
0x20d3
0x20d4
0x20d9
0x20db
0x20dd
0x20e2
0x20e3
0x20e5
0x20e8
0x20ea
0x20eb
0x20ed
0x20ef
0x20f2
0x20f6
0x20f7
0x20f9
0x20fa
0x20fe
0x2104
0x2105
0x2106
0x2108
0x2109
0x210d
0x210e
0x2112
0x2113
0x211b
0x211d
0x211e
0x211f
0x2121
0x2122
0x2125
0x2126
0x2128
0x212a
0x212f
0x2131
0x2136
0x213c
0x213e
0x2140
0x2142
0x2143
0x2144
0x2147
0x2149
0x214b
0x214d
0x214e
0x214f
0x2153
0x2155
0x2157
0x2159
0x215a
0x215b
0x215d
0x215f
0x2161
0x2163
0x2164
0x2165
0x2166
0x216b
0x216d
0x216f
0x2174
0x2175
0x2177
0x217a
0x217c
0x217d
0x217f
0x2181
0x2184
0x2188
0x2189
0x218b
0x218c
0x2190
0x2196
0x2197
0x2198
0x219a
0x219b
0x219f
0x21a0
0x21a4
0x21a5
0x21ad
0x21af
0x21b0
0x21b1
0x21b3
0x21b4
0x21b7
0x21b8
0x21ba
0x21bc
0x21c1
0x21c3
0x21c8
0x21cd
0x21cf
0x21d1
0x21d3
0x21d4
0x21d5
0x21d6
0x21d7
0x21d8
0x21e2
0x21fb
0x21fd
0x2200
0x2202
0x2203
0x2208
0x2210
0x2212
0x2216
0x2217
0x2219
0x221b
0x221c
0x221d
0x221f
0x2221
0x2223
0x2224
0x2225
0x2229
0x222d
0x222f
0x2230
0x2234
0x2236
0x2239
0x223b
0x223c
0x2240
0x2245
0x2247
0x2249
0x224b
0x224c
0x224e
0x224f
0x2253
0x2255
0x2256
0x225a
0x225c
0x225f
0x2261
0x2262
0x2266
0x226b
0x226d
0x226f
0x2271
0x2272
0x2274
0x2275
0x2279
0x227b
0x227c
0x2280
0x2282
0x2285
0x2287
0x2288
0x228c
0x2291
0x2295
0x2297
0x2299
0x229b
0x229c
0x229d
0x229e
0x22a5
0x22a7
0x22a8
0x22aa
0x22ab
0x22b1
0x22b6
0x22b8
0x22b9
0x22bd
0x22be
0x22c2
0x22c6
0x22c8
0x22c9
0x22cc
0x22ce
0x22cf
0x22d1
0x22d3
0x22d5
0x22d6
0x22da
0x22db
0x22e2
0x22e4
0x22e5
0x22ea
0x22ef
0x22f1
0x22f3
0x22f6
0x22f8
0x22fb
0x22fc
0x2300
0x2302
0x2305
0x2306
0x230a
0x230c
0x230f
0x2311
0x2312
0x2314
0x2315
0x2316
0x2318
0x2319
0x231c
0x231f
0x2320
0x2322
0x2325
0x2327
0x232c
0x2338
0x2339
0x233f
0x2340
0x2342
0x2349
0x234b
0x234d
0x234f
0x2351
0x2356
0x235b
0x235f
0x2361
0x2362
0x2366
0x2368
0x236b
0x236d
0x236e
0x2372
0x2377
0x2379
0x237b
0x237d
0x237e
0x2382
0x2386
0x2388
0x2389
0x238d
0x238f
0x2390
0x2394
0x2396
0x2397
0x2399
0x239b
0x239d
0x239f
0x23a0
0x23a1
0x23a4
0x23a6
0x23a7
0x23a9
0x23ab
0x23ad
0x23af
0x23b0
0x23b1
0x23b4
0x23b6
0x23b7
0x23b9
0x23bb
0x23bd
0x23bf
0x23c0
0x23c1
0x23c4
0x23c6
0x23c7
0x23cf
0x23d2
0x23d5
0x23d6
0x23d7
0x23e0
0x23e1
0x23e4
0x23e8
0x23f6
0x23fa
0x23fb
0x23fc
0x23fd
0x23fe
0x2407
0x240a
0x240b
0x240e
0x2412
0x2413
0x2415
0x2420
0x2423
0x2426
0x2427
0x2428
0x2431
0x2432
0x2435
0x2439
0x2442
0x2446
0x2447
0x2448
0x2449
0x244a
0x2452
0x2456
0x2459
0x245a
0x245d
0x245e
0x2464
0x2465
0x2467
0x2469
0x246b
0x246c
0x246e
0x2470
0x2471
0x2475
0x247b
0x247c
0x247e
0x2480
0x2482
0x2483
0x2485
0x2487
0x2488
0x248c
0x2492
0x2493
0x2497
0x2499
0x249a
0x249e
0x24a3
0x24a5
0x24a9
0x24aa
0x24ab
0x24ac
0x24b5
0x24b6
0x24ba
0x24bf
0x24c1
0x24c5
0x24c6
0x24c7
0x24c8
0x24d1
0x24d2
0x24d6
0x24db
0x24de
0x24e2
0x24e3
0x24e4
0x24e5
0x24ee
0x24ef
0x24f3
0x24f9
0x24fe
0x24ff
0x2506
0x2508
0x250c
0x250d
0x250e
0x250f
0x2518
0x2519
0x251d
0x2522
0x2524
0x2528
0x2529
0x252a
0x252b
0x2534
0x2535
0x2539
0x253e
0x2540
0x2544
0x2545
0x2546
0x2547
0x2550
0x2556
0x2559
0x255d
0x255e
0x255f
0x2560
0x2569
0x256c
0x256f
0x2570
0x2571
0x2575
0x2585
0x2587
0x258b
0x258c
0x258d
0x258e
0x2597
0x2598
0x259a
0x259c
0x259e
0x259f
0x25a0
0x25a2
0x25a4
0x25a5
0x25ad
0x25b0
0x25b3
0x25b6
0x25ba
0x25bb
0x25bc
0x25bd
0x25c6
0x25c7
0x25d2
0x25d3
0x25d4
0x25dc
0x25e2
0x25e3
0x25ea
0x25ed
0x25ee
0x25f3
0x25f4
0x25f5
0x25fe
0x2604
0x2605
0x260d
0x2610
0x2611
0x2614
0x2617
0x261a
0x261b
0x2622
0x2625
0x2626
0x2627
0x262b
0x2634
0x2637
0x2638
0x2645
0x2648
0x264b
0x264e
0x2650
0x2654
0x2655
0x2656
0x2657
0x2660
0x2661
0x266c
0x266d
0x266e
0x2676
0x267c
0x267d
0x2684
0x2687
0x2688
0x268d
0x268e
0x268f
0x2698
0x269e
0x269f
0x26a7
0x26aa
0x26ab
0x26ae
0x26b1
0x26b4
0x26b5
0x26bc
0x26bf
0x26c0
0x26c1
0x26c5
0x26d4
0x26d7
0x26d8
0x26db
0x26df
0x26e0
0x26e7
0x26e9
0x26ed
0x26ee
0x26ef
0x26f0
0x26f9
0x26fa
0x2704
0x2705
0x2706
0x270e
0x2714
0x2715
0x271a
0x271d
0x2721
0x2722
0x2723
0x2724
0x272d
0x272e
0x2738
0x2739
0x273a
0x2742
0x2748
0x2749
0x2751
0x2754
0x2755
0x2756
0x275a
0x275f
0x2762
0x2765
0x2769
0x276a
0x276b
0x276c
0x2775
0x2776
0x2780
0x2781
0x2782
0x278a
0x2790
0x2791
0x2799
0x279c
0x279d
0x279e
0x27a2
0x27af
0x27b2
0x27b3
0x27b5
0x27b7
0x27b8
0x27bc
0x27bf
0x27c1
0x27c5
0x27c6
0x27c7
0x27c8
0x27d0
0x27d4
0x27db
0x27de
0x27e1
0x27e2
0x27e9
0x27ec
0x27ed
0x27ee
0x27f4
0x27f6
0x27f7
0x280a
0x280d
0x2811
0x2812
0x2813
0x2814
0x281c
0x2820
0x2827
0x282a
0x282d
0x282e
0x283c
0x283e
0x2842
0x2843
0x2844
0x2845
0x284e
0x2854
0x2857
0x285a
0x285d
0x285f
0x2863
0x2864
0x2865
0x2866
0x286f
0x2872
0x2875
0x2876
0x2877
0x2882
0x2883
0x2884
0x288c
0x2892
0x2893
0x289a
0x289d
0x289e
0x28a3
0x28a4
0x28a5
0x28ae
0x28b4
0x28b5
0x28bd
0x28c0
0x28c1
0x28c2
0x28c6
0x28cb
0x28ce
0x28cf
0x28d3
0x28d7
0x28dc
0x28df
0x28e0
0x28e4
0x28e8
0x28f1
0x28f4
0x28f5
0x2904
0x2907
0x2908
0x290d
0x2910
0x2911
0x2919
0x2920
0x2923
0x2925
0x2928
0x292b
0x2930
0x2933
0x2935
0x2937
0x293b
0x293d
0x293f
0x2941
0x2942
0x2946
0x2949
0x294b
0x294f
0x2951
0x2953
0x2955
0x2956
0x2959
0x295d
0x295e
0x2961
0x2963
0x2965
0x2969
0x296b
0x296d
0x296f
0x2970
0x2973
0x2979
0x297a
0x297d
0x297f
0x2982
0x2987
0x2989
0x298d
0x298f
0x2991
0x2993
0x2994
0x2997
0x299d
0x299e
0x29a1
0x29a3
0x29a6
0x29a8
0x29ab
0x29b0
0x29b2
0x29b6
0x29b8
0x29ba
0x29bc
0x29bd
0x29c1
0x29c4
0x29c7
0x29c9
0x29cb
0x29dd
0x29df
0x29e6
0x29eb
0x29ec
0x29ef
0x29f1
0x29f4
0x29f6
0x29f9
0x29fb
0x29fd
0x2a04
0x2a07
0x2a0c
0x2a0f
0x2a14
0x2a17
0x2a1c
0x2a1e
0x2a20
0x2a22
0x2a23
0x2a26
0x2a27
0x2a2a
0x2a2e
0x2a2f
0x2a32
0x2a34
0x2a35
0x2a38
0x2a3a
0x2a3d
0x2a3f
0x2a42
0x2a46
0x2a4b
0x2a4f
0x2a51
0x2a72
0x2a75
0x2a77
0x2a79
0x2a7d
0x2a82
0x2a86
0x2a88
0x2aa9
0x2aac
0x2aae
0x2ab8
0x2aba
0x2abb
0x2abe
0x2ac0
0x2ac2
0x2ac6
0x2acb
0x2acf
0x2ad1
0x2af2
0x2af5
0x2af7
0x2b07
0x2b09
0x2b0a
0x2b0d
0x2b0f
0x2b11
0x2b15
0x2b1c
0x2b1e
0x2b3f
0x2b42
0x2b44
0x2b46
0x2b4a
0x2b4f
0x2b53
0x2b55
0x2b76
0x2b79
0x2b7b
0x2b7d
0x2b81
0x2b86
0x2b8a
0x2b8c
0x2bad
0x2bb0
0x2bb2
0x2bb9
0x2bbb
0x2bbc
0x2bbf
0x2bc1
0x2bc3
0x2bc7
0x2bcc
0x2bd0
0x2bd2
0x2bf3
0x2bf6
0x2bf8
0x2bfa
0x2bfc
0x2bfd
0x2c00
0x2c02
0x2c04
0x2c08
0x2c0d
0x2c11
0x2c13
0x2c34
0x2c37
0x2c39
0x2c40
0x2c42
0x2c43
0x2c46
0x2c48
0x2c4a
0x2c4e
0x2c53
0x2c57
0x2c59
0x2c7a
0x2c7d
0x2c7f
0x2c81
0x2c83
0x2c84
0x2c87
0x2c89
0x2c8b
0x2c8f
0x2c94
0x2c98
0x2c9a
0x2cbb
0x2cbe
0x2cc0
0x2ce1
0x2ce4
0x2ce6
0x2ce8
0x2cec
0x2cf1
0x2cf5
0x2cf7
0x2d18
0x2d1b
0x2d1d
0x2d1f
0x2d23
0x2d28
0x2d2c
0x2d2e
0x2d43
0x2d45
0x2d46
0x2d49
0x2d4b
0x2d4d
0x2d51
0x2d58
0x2d5a
0x2d7b
0x2d7e
0x2d80
0x2d82
0x2d86
0x2d8b
0x2d8f
0x2d91
0x2da1
0x2da3
0x2da4
0x2da7
0x2da9
0x2dab
0x2daf
0x2db4
0x2db8
0x2dba
0x2dcc
0x2dce
0x2dcf
0x2dd2
0x2dd4
0x2dd6
0x2dda
0x2ddf
0x2de3
0x2de5
0x2e06
0x2e09
0x2e0b
0x2e0e
0x2e10
0x2e11
0x2e14
0x2e16
0x2e18
0x2e1c
0x2e21
0x2e25
0x2e27
0x2e48
0x2e4b
0x2e4d
0x2e4f
0x2e53
0x2e58
0x2e5c
0x2e5e
0x2e7f
0x2e82
0x2e84
0x2e95
0x2e97
0x2e98
0x2e9b
0x2e9d
0x2e9f
0x2ea3
0x2ea8
0x2eac
0x2eae
0x2ecf
0x2ed2
0x2ed4
0x2edb
0x2edd
0x2ede
0x2ee1
0x2ee3
0x2ee5
0x2ee9
0x2eee
0x2ef2
0x2ef4
0x2f15
0x2f18
0x2f1a
0x2f1d
0x2f1f
0x2f20
0x2f23
0x2f25
0x2f27
0x2f2b
0x2f32
0x2f34
0x2f55
0x2f58
0x2f5a
0x2f5c
0x2f60
0x2f65
0x2f69
0x2f6b
0x2f82
0x2f84
0x2f85
0x2f88
0x2f8a
0x2f8c
0x2f90
0x2f97
0x2f99
0x2fba
0x2fbd
0x2fbf
0x2fc1
0x2fc5
0x2fca
0x2fce
0x2fd0
0x2ff1
0x2ff4
0x2ff6
0x2ffb
0x2ffd
0x2ffe
0x3001
0x3003
0x3005
0x3009
0x300e
0x3012
0x3014
0x3035
0x3038
0x303a
0x303c
0x3040
0x3045
0x3049
0x304b
0x305e
0x3060
0x3061
0x3064
0x3066
0x3068
0x306c
0x3071
0x3075
0x3077
0x3098
0x309b
0x309d
0x309f
0x30a3
0x30a8
0x30ac
0x30ae
0x30cf
0x30d2
0x30d4
0x30d9
0x30db
0x30dc
0x30df
0x30e1
0x30e3
0x30e7
0x30ec
0x30f0
0x30f2
0x3113
0x3116
0x3118
0x311a
0x311e
0x3123
0x3127
0x3129
0x314a
0x314d
0x314f
0x3153
0x3155
0x3156
0x3159
0x315b
0x315d
0x3161
0x3166
0x316a
0x316c
0x318d
0x3190
0x3192
0x3194
0x3198
0x319d
0x31a1
0x31a3
0x31c4
0x31c7
0x31c9
0x31d2
0x31d4
0x31d5
0x31d8
0x31da
0x31dc
0x31e0
0x31e5
0x31e9
0x31eb
0x320c
0x320f
0x3211
0x3215
0x3217
0x3218
0x321b
0x321d
0x321f
0x3223
0x3228
0x322c
0x322e
0x324f
0x3252
0x3254
0x325c
0x325e
0x325f
0x3262
0x3264
0x3266
0x326a
0x326f
0x3273
0x3275
0x3296
0x3299
0x329b
0x32a5
0x32a7
0x32a8
0x32ab
0x32ad
0x32af
0x32b3
0x32b8
0x32bc
0x32be
0x32df
0x32e2
0x32e4
0x32e8
0x32ea
0x32eb
0x32ee
0x32f0
0x32f2
0x32f6
0x32fb
0x32ff
0x3301
0x3322
0x3325
0x3327
0x3337
0x3339
0x333a
0x333d
0x333f
0x3341
0x3359
0x335b
0x335e
0x3362
0x3367
0x3369
0x336b
0x336e
0x3372
0x3376
0x3379
0x337e
0x3385
0x3386
0x3387
0x338c
0x338d
0x338f
0x3391
0x3393
0x3394
0x3395
0x339a
0x339e
0x33a0
0x33a2
0x33a3
0x33aa
0x33ac
0x33ae
0x33b0
0x33b1
0x33b5
0x33b6
0x33b9
0x33be
0x33c0
0x33c9
0x33cb
0x33ce
0x33cf
0x33d9
0x33dc
0x33dd
0x33de
0x33df
0x33e3
0x33e6
0x33eb
0x33f3
0x33f5
0x33ff
0x3400
0x3401
0x3405
0x3408
0x340e
0x3410
0x3411
0x3413
0x3414
0x3415
0x3417
0x341b
0x341e
0x3420
0x3421
0x3422
0x3426
0x3429
0x342f
0x3433
0x3436
0x343a
0x343f
0x3441
0x3444
0x3446
0x3449
0x344f
0x3453
0x3456
0x3458
0x3459
0x345b
0x345d
0x345e
0x345f
0x3460
0x3461
0x3465
0x3468
0x346e
0x3472
0x3476
0x3477
0x3478
0x347c
0x347f
0x3485
0x3489
0x348e
0x348f
0x3490
0x3496
0x3497
0x349a
0x349c
0x349e
0x349f
0x34a6
0x34a7
0x34a8
0x34ae
0x34b1
0x34e1
0x34e3
0x34e5
0x34e7
0x34e8
0x34ea
0x34ec
0x34ed
0x34f1
0x34f7
0x34f8
0x34fa
0x34fb
0x34ff
0x3569
0x358d
0x35b1
0x35d5
0x35f9
0x361d
0x3641
0x3665
0x3689
0x368e
0x3690
0x3691
0x3694
0x3696
0x3699
0x369b
0x36be
0x36c3
0x36c5
0x36c6
0x36c9
0x36cb
0x36ce
0x36d0
0x36f3
0x36f8
0x36fa
0x36fb
0x36fe
0x3700
0x3703
0x3705
0x3728
0x372d
0x372f
0x3730
0x3733
0x3735
0x3738
0x373a
0x375d
0x3762
0x3764
0x3765
0x3768
0x376a
0x376d
0x376f
0x38d7
0x3a03
0x3a05
0x3a08
0x3a4f
0x3a51
0x3a54
0x3a9a
0x3a9c
0x3a9f
0x3ac2
0x3ac4
0x3ac7
0x3b0d
0x3b0f
0x3b12
0x3b35
0x3b37
0x3b3a
0x3b5d
0x3b81
0x3b83
0x3b86
0x3ba9
0x3bab
0x3bae
0x3bd1
0x3bd3
0x3bd6
0x3bfa
0x3c20
0x3c22
0x3c25
0x3c48
0x3c4a
0x3c4d
0x3c70
0x3c72
0x3c75
0x3cbb
0x3cbd
0x3cc0
0x3ce3
0x3ce5
0x3ce8
0x3d0c
0x3d32
0x3d34
0x3d37
0x3d5a
0x3d5c
0x3d5f
0x3d82
0x3d84
0x3d87
0x3dab
0x3dd1
0x3dd3
0x3dd6
0x3df9
0x3e1d
0x3e1f
0x3e22
0x3e6a
0x3e6c
0x3e6f
0x3eb4
0x3eb6
0x3eb9
0x3edc
0x3ede
0x3ee1
0x3f04
0x3f06
0x3f09
0x3f2c
0x3f2e
0x3f31
0x3f54
0x3f78
0x3f7a
0x3f7d
0x3fe6
0x3fe8
0x3feb
0x400e
0x4010
0x4013
0x4036
0x4038
0x403b
0x405e
0x4060
0x4063
0x4086
0x4088
0x408b
0x40d4
0x40d6
0x40d9
0x40fc
0x40fe
0x4101
0x4124
0x4126
0x4129
0x414c
0x414e
0x4151
0x4174
0x4176
0x4179
0x419c
0x419e
0x41a1
0x41ea
0x41ec
0x41ef
0x4212
0x4214
0x4217
0x423a
0x423c
0x423f
0x4289
0x428b
0x428e
0x42b1
0x42b3
0x42b6
0x42d9
0x42db
0x42de
0x4301
0x4303
0x4306
0x4329
0x432b
0x432e
0x4351
0x4353
0x4356
0x4379
0x437b
0x437e
0x43c8
0x43ca
0x43cd
0x43f0
0x43f2
0x43f5
0x4418
0x441a
0x441d
0x4440
0x4442
0x4445
0x448d
0x448f
0x4492
0x44b5
0x44b7
0x44ba
0x4503
0x4505
0x4508
0x4552
0x4554
0x4557
0x460f
0x4611
0x4614
0x4637
0x4639
0x463c
0x465f
0x4661
0x4664
0x46ad
0x46af
0x46b2
0x46d5
0x46f9
0x4932
0x4934
0x4936
0x4938
0x493a
0x493c
0x493e
0x4940
0x4942
0x4944
0x4946
0x4948
0x494a
0x494c
0x494e
0x4950
0x4952
0x4954
0x4956
0x4958
0x495a
0x495c
0x495e
0x4960
0x4962
0x4964
0x4966
0x4968
0x496a
0x496c
0x496e
0x4970
0x4972
0x4974
0x4976
0x4978
0x497b
0x497e
0x4981
0x4984
0x4987
0x498a
0x498d
0x4990
0x4993
0x4996
0x4999
0x499c
0x499f
0x49a2
0x49a5
0x49a8
0x49ab
0x49ae
0x49b1
0x49b4
0x49b7
0x49ba
0x49bd
0x49c0
0x49c3
0x49c6
0x49c9
0x49cc
0x49cf
0x49d2
0x49d5
0x49d8
0x49db
0x49de
0x49e1
0x49e7
0x49ec
0x49f1
0x49f6
0x49fb
0x4a00
0x4a05
0x4a07
0x228_0x0
0x266_0x0
0x4e4_0x0
0xac1_0x0
0x311_0x0
0x32c_0x0
0x7c3_0x0
0x958_0x0
0xa4e_0x0
0xddd_0x0
0xe64_0x0
0x38da_0x0
0x3b60_0x0
0x3dfc_0x0
0x3f57_0x0
0x453_0x0
0x717_0x0
0x488_0x0
0x520_0x0
0x566_0x0
0x5d3_0x0
0x664_0x0
0x6da_0x0
0x78e_0x0
0x81c_0x0
0x8dc_0x0
0x923_0x0
0x9a9_0x0
0xa19_0x0
0xaf7_0x0
0xb2d_0x0
0xb6f_0x0
0xc35_0x0
0xd05_0x0
0xe16_0x0
0xe9b_0x0
0xee7_0x0
0x11b3_0x0
0xd32_0x0
0xd51_0x0
0x1489_0x0
0x14dd_0x0
0x14dd_0x1
0x14dd_0x2
0x14fc_0x0
0x150a_0x0
0x1546_0x0
0x1554_0x0
0x18de_0x0
0x190a_0x0
0x1586_0x0
0x18f9_0x0
0x19a5_0x0
0x19a5_0x1
0x19a5_0x2
0x1b34_0x0
0x1dd7_0x0
0x1de3_0x0
0x1b43_0x0
0x1e0f_0x0
0x1e0f_0x1
0x1e69_0x0
0x1e81_0x0
0x1fcc_0x0
0x25e6_0x0
0x2608_0x0
0x2680_0x0
0x26a2_0x0
0x2718_0x0
0x274c_0x0
0x2794_0x0
0x2896_0x0
0x28b8_0x0
0x27d7_0x0
0x27e5_0x0
0x2823_0x0
0x2831_0x0
0x261e_0x0
0x26b8_0x0
0x355_0x0
0x39e_0x0
0x3c4_0x0
0x420_0x0
0x43b_0x0
0xfbb_0x0
0x2041_0x0
0x20c3_0x0
0x21cb_0x0
0x2f1_0x0
0x113d_0x0
0x176a_0x0
0x2359_0x0
0x24c_0x0
0x261_0x0
0x40d_0x0
0x281_0x0
0x281_0x1
0x29c_0x0
0x29c_0x1
0x33a_0x0
0x33a_0x1
0x3e7_0x0
0x3e7_0x1
0x223_0x0
0x31f_0x0
0x368_0x0
0x368_0x1
0x2139_0x0
0x2139_0x1
0x2139_0x2
0x3b1_0x0
0x3b1_0x1
0x1a58_0x0
0x1cf9_0x0
0x891_0x0
0xff3_0x0
0x10d1_0x0
0x11d2_0x0
0x1267_0x0
0x1354_0x0
0x15a9_0x0
0x16fe_0x0
0x220b_0x0
0x22ed_0x0
0x1a08_0x0
0xcdd_0x0
0x1ca9_0x0
0x2073_0x0
0x16c5_0x0
0x1d47_0x0
0x1098_0x0
0x1f4f_0x0
0x22b4_0x0
0x1209_0x0
0x104d_0x0
0x2269_0x0
0x6f6_0x0
0xb13_0x0
0xd21_0x0
0x7f4_0x0
0x989_0x0
0xa7f_0x0
0x4b5_0x0
0x54d_0x0
0x600_0x0
0x691_0x0
0x7bb_0x0
0x849_0x0
0x909_0x0
0x950_0x0
0x9d6_0x0
0xa46_0x0
0xb5a_0x0
0xb9c_0x0
0xc62_0x0
0xf14_0x0
0x1073_0x0
0x123d_0x0
0x169e_0x0
0x228f_0x0
0x46d8_0x0
0x46fc_0x0
0x23eb_0x0
0x243c_0x0
0xd85_0x0
0x1172_0x0
0x1514_0x0
0x155e_0x0
0x1992_0x0
0x1f1a_0x0
0xd8f_0x0
0x1988_0x0
0x1f10_0x0
0xd7b_0x0
0x1568_0x0
0x1914_0x0
0x1f06_0x0
0x2540x273_0x0
0x2b70x273_0x0
0x2dc0x273_0x0
0x2ff0x273_0x0
0x3400x273_0x0
0x3890x273_0x0
0x4410x273_0x0
0x2bf0x2d3_0x0
0x2f70x2d3_0x0
0x3250x2d3_0x0
0x36e0x2d3_0x0
0x3d20x2d3_0x0
0x4260x2d3_0x0
0x4d90x4ec_0x0
0xab60x4ec_0x0
0x4d90x3a2e_0x0
0xab60x3a2e_0x0
0x55f0x598
0xab60x598
0x4d90x50a
0x4d90x4e6
0xab60x4e6
0x2bf0x2cb
0x2f70x2cb
0x3250x2cb
0x36e0x2cb
0x3d20x2cb
0x4260x2cb
0x2a20x2b3
0x3ca0x2b3
0x2a20x2ae
0x3ca0x2ae
0x2540x26b
0x2b70x26b
0x2dc0x26b
0x2ff0x26b
0x3400x26b
0x3890x26b
0x4410x26b
0x2160x232
0x2870x232
0x3120x232
0x32d0x232
0x3480x232
0x3910x232
0x3b70x232
0x2160x22d
0x2870x22d
0x3120x22d
0x32d0x22d
0x3480x22d
0x3910x22d
0x3b70x22d
0x47c_0x0
0xd7c_0x1
0xda8_0x4
0x1121_0x1
0x112a_0x1
0x113e_0x0
0x174e_0x1
0x1757_0x1
0x176b_0x0
0x181c_0x0
0x1c23_0x0
0x1c3b_0x0
0x1c4b_0x0
0x1c57_0x0
0x1da6_0x1
0x1df7_0x0
0x1df7_0x1
0x1df7_0x2
0x1e24_0x0
0x1eb9_0x0
0x1fae_0x1
0x21ed_0x5
0x21ed_0x6
0x233d_0x1
0x2346_0x1
0x235a_0x0
0x298c_0x1
0x3382_0x0
0x338b_0x0
0x338b_0x2
0x338b_0x4
0x348b_0x0
0x3494_0x0
0x34a3_0x0
0x4d90x3a2b
0xab60x3a2b
0x2bf0x3872
0x2f70x3872
0x3250x3872
0x36e0x3872
0x3d20x3872
0x4260x3872
0x2bf0x386f
0x2f70x386f
0x3250x386f
0x36e0x386f
0x3d20x386f
0x4260x386f
0x2bf0x386d
0x2f70x386d
0x3250x386d
0x36e0x386d
0x3d20x386d
0x4260x386d
0x2a20x384a
0x3ca0x384a
0x2a20x3847
0x3ca0x3847
0x2a20x3845
0x3ca0x3845
0x2540x37e0
0x2b70x37e0
0x2dc0x37e0
0x2ff0x37e0
0x3400x37e0
0x3890x37e0
0x4410x37e0
0x2540x37dd
0x2b70x37dd
0x2dc0x37dd
0x2ff0x37dd
0x3400x37dd
0x3890x37dd
0x4410x37dd
0x2540x37db
0x2b70x37db
0x2dc0x37db
0x2ff0x37db
0x3400x37db
0x3890x37db
0x4410x37db
0x2160x3797
0x2870x3797
0x3120x3797
0x32d0x3797
0x3480x3797
0x3910x3797
0x3b70x3797
0x2160x3794
0x2870x3794
0x3120x3794
0x32d0x3794
0x3480x3794
0x3910x3794
0x3b70x3794
0x2160x3792
0x2870x3792
0x3120x3792
0x32d0x3792
0x3480x3792
0x3910x3792
0x3b70x3792
0x2a20x3355
0x3ca0x3355
0x2a20x3353
0x3ca0x3353
0x2a20x3350
0x3ca0x3350
0x2a20x334c
0x3ca0x334c
0x2a20x334b
0x3ca0x334b
0x2a20x3349
0x3ca0x3349
0x2a20x3347
0x3ca0x3347
0x2a20x3345
0x3ca0x3345
0x2160x29d6
0x2870x29d6
0x3120x29d6
0x32d0x29d6
0x3480x29d6
0x3910x29d6
0x3b70x29d6
0x2160x29d4
0x2870x29d4
0x3120x29d4
0x32d0x29d4
0x3480x29d4
0x3910x29d4
0x3b70x29d4
0x2160x29d1
0x2870x29d1
0x3120x29d1
0x32d0x29d1
0x3480x29d1
0x3910x29d1
0x3b70x29d1
0x2160x29d0
0x2870x29d0
0x3120x29d0
0x32d0x29d0
0x3480x29d0
0x3910x29d0
0x3b70x29d0
0x1c730x1db9
0x1f1b0x1db9
0x55f0x59d
0xab60x59d
0x4d90x50f
0x4d90x4e9
0xab60x4e9
0x2bf0x2d0
0x2f70x2d0
0x3250x2d0
0x36e0x2d0
0x3d20x2d0
0x4260x2d0
0x2bf0x2ca
0x2f70x2ca
0x3250x2ca
0x36e0x2ca
0x3d20x2ca
0x4260x2ca
0x2bf0x2c8
0x2f70x2c8
0x3250x2c8
0x36e0x2c8
0x3d20x2c8
0x4260x2c8
0x2a20x2ad
0x3ca0x2ad
0x2a20x2ab
0x3ca0x2ab
0x2540x270
0x2b70x270
0x2dc0x270
0x2ff0x270
0x3400x270
0x3890x270
0x4410x270
0x2540x26a
0x2b70x26a
0x2dc0x26a
0x2ff0x26a
0x3400x26a
0x3890x26a
0x4410x26a
0x2540x268
0x2b70x268
0x2dc0x268
0x2ff0x268
0x3400x268
0x3890x268
0x4410x268
0x2160x22c
0x2870x22c
0x3120x22c
0x32d0x22c
0x3480x22c
0x3910x22c
0x3b70x22c
0x2160x22a
0x2870x22a
0x3120x22a
0x32d0x22a
0x3480x22a
0x3910x22a
0x3b70x22a
