0x0
0x1d9
0x1ff
0x223
0x256
0x26e
0x28f
0x2c7
0x2f1
0x312
0x333
0x354
0x378
0x3b0
0x3c5
0x3e9
0x3fe
0x41f
0x466
0x47e
0x4a5
0x4c6
0x4e7
0x50b
0x52c
0x55d
0x572
0x58a
0x5cb
0x5ec
0x655
0x679
0x6a3
0x6b8
0x6cd
0x6f4
0x718
0x73c
0x760
0x781
0x799
0x7ba
0x7c9
0x8e6
0x9a9
0xd56
0xd7e
0xdf5
0xe19
0xe9a
0xf2d
0x108f
0x1277
0x12c8
0x131e
0x1327
0x13cc
0x1495
0x1544
0x1569
0x1711
0x17a4
0x17fb
0x1852
0x1b99
0x1c44
0x1d24
0x1d2f
0x1d7d
0x1dd4
0x2123
0x2204
0x22e9
0x2384
0x23a9
0x23ce
0x244f
0x25ba
0x2689
0x2711
0x279c
0x27a9
0x27e5
0x285c
0x2afc
0x2cab
0x2d0c
0x2e3a
0x2e73
0x2ec4
0x32c8
0x33b3
0x3445
0x3533
0x35b5
0x3638
0x3693
0x3736
0x37ae
0x3832
0x3987
0x39c6
0x3af0
0x3b37
0x3b43
0x3bf6
0x3d07
0x3e07
0x3f9d
0x3ff7
0x4009
0x406c
0x40b3
0x4114
0x4129
0x4159
0x4283
