0x0	0x0
0xc	0x0
0x1a	0x0
0x78	0x0
0xb4	0x0
0xfb	0x0
0x1a2	0x190
0x206	0x1f4
0x28a	0x278
0x376	0x364
0x3e2	0x3d0
0x43a	0x428
0x492	0x480
0x50f	0x480
0x521	0x480
0x543	0x480
0x564	0x480
0x576	0x480
0x598	0x480
0x5c0	0x5ae
0x604	0x5f2
0x6aa	0x698
0x6ee	0x6dc
0x7fe	0x13c
0x90d	0x13c
0x91c	0x13c
0x937	0x13c
0x9f3	0x13c
0xa02	0x13c
0xa1d	0x13c
0xa37	0x13c
0xb51	0x190
0xc0c	0x278
0xd03	0x278
0xd12	0x278
0xd2d	0x278
0x127e	0x364
0x12f4	0x364
0x13bf	0x364
0x13ce	0x364
0x13e9	0x364
0x1404	0x364
0x15d1	0x480
0x1679	0x480
0x16e4	0x480
0x17af	0x480
0x17e0	0x5ae
0x1c26	0x698
0x1d58	0x6dc
0x1dce	0x6dc
0x1e71	0x6dc
0x1f03	0x6dc
0x1fcc	0x6dc
0x1fdb	0x6dc
0x1ff6	0x6dc
0x2011	0x6dc
0x2874	0x27f8
0x2883	0x27f8
0x289e	0x27f8
0x28f9	0x27f8
0x2908	0x27f8
0x2923	0x27f8
0x2c7f	0x2bc6
0x2c8e	0x2bc6
0x2ca9	0x2bc6
0x2cc5	0x2bc6
0x32a20x2e6c	0x2e6c
0x2e110x2de6	0x2de6
0x2df10x2de6	0x2de6
0x2e090x2de6	0x2de6
0x334d0x2e6c	0x2e6c
0x10	0x0
0xb8	0x0
0x7c	0x0
0x3521	0x0
0x3545	0x0
0xff	0x0
0x3569	0x0
0x144	0x13c
0x7a8	0x13c
0x14e	0x146
0x1f2	0x190
0x1a6	0x190
0xb44	0x190
0x236	0x1f4
0x20a	0x1f4
0xbcc	0x1f4
0x2c4	0x278
0x28e	0x278
0xbff	0x278
0x2ce	0x2c6
0xd47	0x2c6
0x318	0x310
0x322	0x31a
0x1200	0x31a
0x3b0	0x364
0x37a	0x364
0x1226	0x364
0x3ce	0x3c6
0x412	0x3d0
0x3e6	0x3d0
0x1593	0x3d0
0x46a	0x428
0x43e	0x428
0x15b2	0x428
0x5ac	0x480
0x496	0x480
0x513	0x480
0x525	0x480
0x547	0x480
0x568	0x480
0x57a	0x480
0x59c	0x480
0x15c4	0x480
0x5f0	0x5ae
0x5c4	0x5ae
0x17d3	0x5ae
0x634	0x5f2
0x608	0x5f2
0x1891	0x5f2
0x656	0x64e
0x660	0x658
0x682	0x67a
0x6da	0x698
0x6ae	0x698
0x1c19	0x698
0x748	0x6dc
0x6f2	0x6dc
0x1d00	0x6dc
0x766	0x75e
0x2135	0x75e
0x86b	0x13c
0x911	0x13c
0x925	0x13c
0x93b	0x13c
0x9f7	0x13c
0xa0b	0x13c
0xa21	0x13c
0xaa4	0x13c
0xb4c	0x190
0xbbe	0x190
0xbc8	0x190
0xc07	0x278
0xc79	0x278
0xc9d	0x278
0xd07	0x278
0xd1b	0x278
0xd31	0x278
0x12eb	0x364
0x1361	0x364
0x136c	0x364
0x13c3	0x364
0x13d7	0x364
0x13ed	0x364
0x1471	0x364
0x159f	0x3d0
0x15aa	0x3d0
0x27f8	0x27f8
0x15bd	0x428
0x15cc	0x480
0x163e	0x480
0x165d	0x480
0x165c	0x480
0x2a1c	0x480
0x1674	0x480
0x16c9	0x480
0x1719	0x480
0x17a8	0x480
0x17c9	0x480
0x17db	0x5ae
0x184d	0x5ae
0x1c21	0x698
0x1c93	0x698
0x1c9c	0x698
0x2eb6	0x698
0x1cbb	0x698
0x1dc5	0x6dc
0x1e3b	0x6dc
0x1ede	0x6dc
0x1ee9	0x6dc
0x1ef7	0x6dc
0x1f78	0x6dc
0x212e	0x6dc
0x1fd0	0x6dc
0x1fe4	0x6dc
0x1ffa	0x6dc
0x207e	0x6dc
0x20a9	0x6dc
0x2878	0x27f8
0x288c	0x27f8
0x28a2	0x27f8
0x28fd	0x27f8
0x2911	0x27f8
0x2927	0x27f8
0x2967	0x27f8
0x2959	0x27f8
0x2de6	0x2de6
0x2e6c	0x2e6c
0x2cc0	0x2bc6
0x2c83	0x2bc6
0x2c97	0x2bc6
0x2cad	0x2bc6
0x2d15	0x2bc6
0x36	0x0
0x2de1	0x2bc6
0x35d9	0x0
0x35c7	0x0
0x35ca	0x0
0x35cd	0x0
0x35d0	0x0
0x35d3	0x0
0x35d6	0x0
0x35b8	0x0
0x35bb	0x0
0x35be	0x0
0x35c1	0x0
0x35c4	0x0
0x35a9	0x0
0x35ac	0x0
0x35af	0x0
0x35b2	0x0
0x35b5	0x0
0x359a	0x0
0x359d	0x0
0x35a0	0x0
0x35a3	0x0
0x35a6	0x0
0x13c	0x13c
0x146	0x146
0x190	0x190
0x1f4	0x1f4
0x278	0x278
0x2c6	0x2c6
0x310	0x310
0x31a	0x31a
0x364	0x364
0x3c6	0x3c6
0x3d0	0x3d0
0x428	0x428
0x480	0x480
0x5ae	0x5ae
0x5f2	0x5f2
0x64e	0x64e
0x658	0x658
0x67a	0x67a
0x698	0x698
0x6dc	0x6dc
0x75e	0x75e
0x34fd	0x34fd
0x2bc6	0x2bc6
0x2b	0x0
0x41	0x0
0x4c	0x0
0x57	0x0
0x62	0x0
0x6d	0x0
0x88	0x0
0x93	0x0
0x9e	0x0
0xa9	0x0
0xc4	0x0
0xcf	0x0
0xda	0x0
0xe5	0x0
0xf0	0x0
0x10b	0x0
0x116	0x0
0x121	0x0
0x12c	0x0
0x137	0x0
0x1654	0x480
0x1663	0x480
0x2bd0	0x2bc6
0x33420x2e6c	0x2e6c
0x33070x2e6c	0x2e6c
0x32f50x2e6c	0x2e6c
0x32ec0x2e6c	0x2e6c
0x32960x2e6c	0x2e6c
0x2e0a0x2de6	0x2de6
0x2df90x2de6	0x2de6
0x2e660x2de6	0x2de6
0x33340x2e6c	0x2e6c
0x334e0x2e6c	0x2e6c
0x331b0x2e6c	0x2e6c
0x25700x24d5B0x1593	0x3d0
0x24d5B0x1593	0x3d0
0x25700x24d5B0x1361	0x364
0x24d5B0x1361	0x364
0x215bB0x1c9c	0x698
0x25700x24d5B0x1ede	0x6dc
0x24d5B0x1ede	0x6dc
0x2f2aB0x1ee9	0x6dc
0x2f39B0x1ee9	0x6dc
0x2f54B0x1ee9	0x6dc
0x2ee5B0x1ee9	0x6dc
0x2f2eB0x1ee9	0x6dc
0x2f42B0x1ee9	0x6dc
0x2f58B0x1ee9	0x6dc
0x2f8aB0x1ee9	0x6dc
0x1942B0x64e	0x64e
0x1929B0x64e	0x64e
0x1950B0x64e	0x64e
0x1a0dB0x64e	0x64e
0x1a58B0x64e	0x64e
0x1939B0x64e	0x64e
0x1a6bB0xb44	0x190
0x1a75B0xb44	0x190
0x215bB0x1a6bB0xb44	0x190
0x1a6bB0xbff	0x278
0x1a75B0xbff	0x278
0x215bB0x1a6bB0xbff	0x278
0x2e110x2970B0x15b2	0x428
0x2df10x2970B0x15b2	0x428
0x29f10x2970B0x15b2	0x428
0x29d60x2970B0x15b2	0x428
0x29c70x2970B0x15b2	0x428
0x2970B0x15b2	0x428
0x2e0a0x2970B0x15b2	0x428
0x2df90x2970B0x15b2	0x428
0x2de60x2970B0x15b2	0x428
0x29f50x2970B0x15b2	0x428
0x29df0x2970B0x15b2	0x428
0x29cb0x2970B0x15b2	0x428
0x297c0x2970B0x15b2	0x428
0x2a140x2970B0x15b2	0x428
0x25700x24d5B0x2970B0x15b2	0x428
0x24d5B0x2970B0x15b2	0x428
0x1a6bB0x15c4	0x480
0x1a75B0x15c4	0x480
0x215bB0x1a6bB0x15c4	0x480
0x1a6bB0x17d3	0x5ae
0x1a75B0x17d3	0x5ae
0x215bB0x1a6bB0x17d3	0x5ae
0x1a6bB0x1c19	0x698
0x1a75B0x1c19	0x698
0x215bB0x1a6bB0x1c19	0x698
0x22fc0x218cB0xbbe	0x190
0x22200x218cB0xbbe	0x190
0x218cB0xbbe	0x190
0x23690x218cB0xbbe	0x190
0x22f70x218cB0xbbe	0x190
0x228d0x218cB0xbbe	0x190
0x22c50x218cB0xbbe	0x190
0x2fcdB0x23690x218cB0xbbe	0x190
0x2fa1B0x23690x218cB0xbbe	0x190
0xb35B0xc79	0x278
0x215bB0xb35B0xc79	0x278
0x2b05B0x1719	0x480
0x2b81B0x1719	0x480
0x22fc0x2a33B0x1719	0x480
0x22200x2a33B0x1719	0x480
0x2a33B0x1719	0x480
0x2b72B0x1719	0x480
0x2bb0B0x1719	0x480
0x2b8fB0x1719	0x480
0x2ba3B0x1719	0x480
0x2b78B0x1719	0x480
0x23690x2a33B0x1719	0x480
0x22f70x2a33B0x1719	0x480
0x228d0x2a33B0x1719	0x480
0x218c0x2a33B0x1719	0x480
0x22c50x2a33B0x1719	0x480
0x2fcdB0x23690x2a33B0x1719	0x480
0x2fa1B0x23690x2a33B0x1719	0x480
0x3040B0x2d15	0x2bc6
0x313dB0x2d15	0x2bc6
0x316eB0x2d15	0x2bc6
0x31f6B0x2d15	0x2bc6
0x3210B0x2d15	0x2bc6
0x301cB0x2d15	0x2bc6
0x303bB0x2d15	0x2bc6
0x30adB0x2d15	0x2bc6
0x30fcB0x2d15	0x2bc6
0x30d9B0x2d15	0x2bc6
0x315eB0x2d15	0x2bc6
0x3163B0x2d15	0x2bc6
0x31dbB0x2d15	0x2bc6
0x31faB0x2d15	0x2bc6
0x30e2B0x2d15	0x2bc6
0x31e6B0x2d15	0x2bc6
0x335cB0x301cB0x2d15	0x2bc6
0x339eB0x301cB0x2d15	0x2bc6
0x3396B0x301cB0x2d15	0x2bc6
0xb35B0x146	0x146
0x215bB0xb35B0x146	0x146
0x1a6bB0x658	0x658
0x1a75B0x658	0x658
0x215bB0x1a6bB0x658	0x658
0x1ac3B0x67a	0x67a
0x1b2cB0x67a	0x67a
0x1b4eB0x67a	0x67a
0x32a20x1aa8B0x67a	0x67a
0x2e110x1aa8B0x67a	0x67a
0x2df10x1aa8B0x67a	0x67a
0x29f10x1aa8B0x67a	0x67a
0x29d60x1aa8B0x67a	0x67a
0x29c70x1aa8B0x67a	0x67a
0x25700x1aa8B0x67a	0x67a
0x1aa8B0x67a	0x67a
0x1b21B0x67a	0x67a
0x1b04B0x67a	0x67a
0x1ad4B0x67a	0x67a
0x1b0fB0x67a	0x67a
0x1ab5B0x67a	0x67a
0x1b35B0x67a	0x67a
0x1c16B0x67a	0x67a
0x1b8fB0x67a	0x67a
0x1b5fB0x67a	0x67a
0x1bfdB0x67a	0x67a
0x1befB0x67a	0x67a
0x1bd8B0x67a	0x67a
0x1ba8B0x67a	0x67a
0x1be1B0x67a	0x67a
0x1b40B0x67a	0x67a
0x29700x1aa8B0x67a	0x67a
0x33420x1aa8B0x67a	0x67a
0x33070x1aa8B0x67a	0x67a
0x32f50x1aa8B0x67a	0x67a
0x32ec0x1aa8B0x67a	0x67a
0x32960x1aa8B0x67a	0x67a
0x2e6c0x1aa8B0x67a	0x67a
0x2e0a0x1aa8B0x67a	0x67a
0x2df90x1aa8B0x67a	0x67a
0x2de60x1aa8B0x67a	0x67a
0x29f50x1aa8B0x67a	0x67a
0x29df0x1aa8B0x67a	0x67a
0x29cb0x1aa8B0x67a	0x67a
0x297c0x1aa8B0x67a	0x67a
0x24d50x1aa8B0x67a	0x67a
0x25dd0x1aa8B0x67a	0x67a
0x2a140x1aa8B0x67a	0x67a
0x2e660x1aa8B0x67a	0x67a
0x2eae0x1aa8B0x67a	0x67a
0x33340x1aa8B0x67a	0x67a
0x334e0x1aa8B0x67a	0x67a
0x331b0x1aa8B0x67a	0x67a
0x25700x24d5B0x29700x1aa8B0x67a	0x67a
0x24d5B0x29700x1aa8B0x67a	0x67a
0x25e6B0x207e	0x6dc
0x3040B0x25e6B0x207e	0x6dc
0x313dB0x25e6B0x207e	0x6dc
0x316eB0x25e6B0x207e	0x6dc
0x31f6B0x25e6B0x207e	0x6dc
0x3210B0x25e6B0x207e	0x6dc
0x301cB0x25e6B0x207e	0x6dc
0x303bB0x25e6B0x207e	0x6dc
0x30adB0x25e6B0x207e	0x6dc
0x30fcB0x25e6B0x207e	0x6dc
0x30d9B0x25e6B0x207e	0x6dc
0x315eB0x25e6B0x207e	0x6dc
0x3163B0x25e6B0x207e	0x6dc
0x31dbB0x25e6B0x207e	0x6dc
0x31faB0x25e6B0x207e	0x6dc
0x30e2B0x25e6B0x207e	0x6dc
0x31e6B0x25e6B0x207e	0x6dc
0x335cB0x301cB0x25e6B0x207e	0x6dc
0x339eB0x301cB0x25e6B0x207e	0x6dc
0x3396B0x301cB0x25e6B0x207e	0x6dc
0xe00B0x310	0x310
0xe64B0x310	0x310
0xf22B0x310	0x310
0xf31B0x310	0x310
0xf4cB0x310	0x310
0xffcB0x310	0x310
0x100bB0x310	0x310
0x1026B0x310	0x310
0x106dB0x310	0x310
0x107cB0x310	0x310
0x1097B0x310	0x310
0x1188B0x310	0x310
0x1197B0x310	0x310
0x11b2B0x310	0x310
0x25700xd6dB0x310	0x310
0xd6dB0x310	0x310
0xdfbB0x310	0x310
0xdccB0x310	0x310
0xe50B0x310	0x310
0xea5B0x310	0x310
0xe75B0x310	0x310
0xf26B0x310	0x310
0xf3aB0x310	0x310
0xf50B0x310	0x310
0x11efB0x310	0x310
0x1000B0x310	0x310
0x1014B0x310	0x310
0x102aB0x310	0x310
0x1071B0x310	0x310
0x1085B0x310	0x310
0x109bB0x310	0x310
0x10bcB0x310	0x310
0x118cB0x310	0x310
0x11a0B0x310	0x310
0x11b6B0x310	0x310
0xe56B0x310	0x310
0xdc4B0x310	0x310
0xf68B0x310	0x310
0x25e60xd6dB0x310	0x310
0x24d50xd6dB0x310	0x310
0xb35B0xdc4B0x310	0x310
0x215bB0xb35B0xdc4B0x310	0x310
0x3040B0x25e60xd6dB0x310	0x310
0x313dB0x25e60xd6dB0x310	0x310
0x316eB0x25e60xd6dB0x310	0x310
0x31f6B0x25e60xd6dB0x310	0x310
0x3210B0x25e60xd6dB0x310	0x310
0x301cB0x25e60xd6dB0x310	0x310
0x303bB0x25e60xd6dB0x310	0x310
0x30adB0x25e60xd6dB0x310	0x310
0x30fcB0x25e60xd6dB0x310	0x310
0x30d9B0x25e60xd6dB0x310	0x310
0x315eB0x25e60xd6dB0x310	0x310
0x3163B0x25e60xd6dB0x310	0x310
0x31dbB0x25e60xd6dB0x310	0x310
0x31faB0x25e60xd6dB0x310	0x310
0x30e2B0x25e60xd6dB0x310	0x310
0x31e6B0x25e60xd6dB0x310	0x310
0x335cB0x301cB0x25e60xd6dB0x310	0x310
0x339eB0x301cB0x25e60xd6dB0x310	0x310
0x3396B0x301cB0x25e60xd6dB0x310	0x310
0x1538B0x3c6	0x3c6
0x14fdB0x3c6	0x3c6
0x1505B0x3c6	0x3c6
0x26b7B0x3c6	0x3c6
0x1588B0x3c6	0x3c6
0x271eB0x1588B0x3c6	0x3c6
0x26e8B0x1588B0x3c6	0x3c6
0x278bB0x1588B0x3c6	0x3c6
0x27aaB0x1588B0x3c6	0x3c6
0x3267B0x1588B0x3c6	0x3c6
0x215bB0x278bB0x1588B0x3c6	0x3c6
0x2eae0x2e6c	0x2e6c
0x25dd0x24d5B0x1593	0x3d0
0x25dd0x24d5B0x1361	0x364
0x25dd0x24d5B0x1ede	0x6dc
0x2f98B0x1ee9	0x6dc
0x194fB0x64e	0x64e
0x1a67B0x64e	0x64e
0x2e090x2970B0x15b2	0x428
0x2e660x2970B0x15b2	0x428
0x25dd0x24d5B0x2970B0x15b2	0x428
0x24d10x218cB0xbbe	0x190
0x3018B0x23690x218cB0xbbe	0x190
0xb3fB0xc79	0x278
0x2b8eB0x1719	0x480
0x2ba2B0x1719	0x480
0x2bbdB0x1719	0x480
0x24d10x2a33B0x1719	0x480
0x3018B0x23690x2a33B0x1719	0x480
0x3261B0x2d15	0x2bc6
0xb3fB0x146	0x146
0x1ad3B0x67a	0x67a
0x1b5eB0x67a	0x67a
0x1ba7B0x67a	0x67a
0x2e090x1aa8B0x67a	0x67a
0x334d0x1aa8B0x67a	0x67a
0x25dd0x24d5B0x29700x1aa8B0x67a	0x67a
0x26b20x25e6B0x207e	0x6dc
0x3261B0x25e6B0x207e	0x6dc
0xe74B0x310	0x310
0x10bbB0x310	0x310
0x11fdB0x310	0x310
0x25dd0xd6dB0x310	0x310
0x26b20xd6dB0x310	0x310
0xb3fB0xdc4B0x310	0x310
0x3261B0x25e60xd6dB0x310	0x310
0x1591B0x3c6	0x3c6
0x27f5B0x1588B0x3c6	0x3c6
0x2e610x2de6	0x2de6
0x1c0fB0x67a	0x67a
0x2e610x1aa8B0x67a	0x67a
0x2e610x2970B0x15b2	0x428
0x3260B0x2d15	0x2bc6
0x11edB0x310	0x310
0x3260B0x25e60xd6dB0x310	0x310
0x3260B0x25e6B0x207e	0x6dc
